0 0.484255 0.588563 0.029655 0.016210
0 0.462856 0.586851 0.034471 0.018731
0 0.502594 0.591944 0.035908 0.020085
0 0.524235 0.592874 0.034855 0.016123
0 0.544974 0.594973 0.032292 0.027436
0 0.565128 0.593142 0.031856 0.020519
0 0.585473 0.594957 0.032349 0.021554
0 0.606457 0.592638 0.034861 0.022475
0 0.625355 0.588829 0.032514 0.022262
0 0.645795 0.587582 0.031442 0.022267
0 0.664985 0.582597 0.034902 0.028151
0 0.682628 0.575892 0.025996 0.035789
2 0.515279 0.626679 0.024171 0.059167
2 0.537431 0.628491 0.024174 0.064452
2 0.495701 0.626155 0.023840 0.061574
2 0.472832 0.623751 0.024054 0.061708
2 0.559379 0.634194 0.023176 0.060088
2 0.577923 0.634380 0.024189 0.060199
2 0.598859 0.630586 0.028282 0.061211
2 0.620767 0.632397 0.025377 0.060876
2 0.641072 0.629508 0.024270 0.060747
2 0.660195 0.629018 0.023551 0.059719
2 0.678883 0.620094 0.021969 0.061068
0 0.443377 0.581756 0.032995 0.016195
2 0.451362 0.617821 0.022320 0.060961
2 0.431200 0.616258 0.024206 0.067191
2 0.448104 0.665271 0.024491 0.068480
2 0.469264 0.664740 0.021695 0.065230
2 0.491184 0.667382 0.020564 0.065244
2 0.429903 0.656873 0.020789 0.069664
2 0.466462 0.714234 0.025758 0.074655
2 0.488726 0.712771 0.026350 0.075154
2 0.507795 0.713319 0.027277 0.070095
2 0.512330 0.670872 0.023172 0.067068
2 0.529260 0.713320 0.025281 0.070533
2 0.534054 0.670540 0.021457 0.064234
2 0.554816 0.670880 0.021523 0.055896
2 0.552068 0.715687 0.024894 0.070573
2 0.573258 0.715887 0.020821 0.063846
2 0.574622 0.674549 0.021610 0.061011
2 0.595328 0.669802 0.021666 0.059468
2 0.593628 0.714575 0.023096 0.063353
2 0.615552 0.669042 0.021011 0.056129
2 0.636273 0.671618 0.021973 0.057665
2 0.657277 0.669581 0.021064 0.064238
2 0.677556 0.662787 0.020791 0.064728
2 0.697603 0.658536 0.021236 0.065994
2 0.717182 0.653342 0.023429 0.069317
2 0.698119 0.617133 0.023206 0.058026
2 0.696472 0.707602 0.026597 0.068942
2 0.717756 0.707069 0.023374 0.061706
2 0.674693 0.710055 0.026107 0.064622
2 0.654541 0.710974 0.025559 0.065112
2 0.736888 0.707024 0.023086 0.054575
2 0.634652 0.712633 0.023658 0.067722
2 0.614137 0.714798 0.022886 0.064778
2 0.631983 0.756213 0.021355 0.057921
2 0.611389 0.758061 0.021241 0.059517
2 0.589614 0.756256 0.019791 0.059731
2 0.570202 0.760004 0.017792 0.064663
2 0.654002 0.755191 0.022053 0.063754
2 0.675549 0.753623 0.021959 0.061829
2 0.696124 0.751460 0.022514 0.065537
2 0.716546 0.751192 0.021368 0.060545
2 0.736624 0.753601 0.021107 0.064975
2 0.549739 0.759026 0.020216 0.059683
2 0.527262 0.755883 0.019250 0.060121
2 0.506267 0.760182 0.020315 0.066135
2 0.486253 0.757473 0.020032 0.061480
2 0.466928 0.753612 0.021539 0.063242
2 0.447957 0.711769 0.025857 0.068832
2 0.439612 0.751818 0.024508 0.058159
2 0.478259 0.798392 0.023389 0.064686
2 0.460657 0.793581 0.020947 0.068069
2 0.501856 0.800570 0.025559 0.061240
2 0.523316 0.798610 0.028234 0.060938
2 0.544734 0.799554 0.026014 0.062501
2 0.563747 0.800881 0.024685 0.063379
2 0.585050 0.798636 0.026493 0.068832
2 0.604734 0.795491 0.025408 0.060947
2 0.629434 0.796448 0.024123 0.061248
2 0.646869 0.794778 0.024486 0.051617
2 0.669442 0.791952 0.026249 0.053349
2 0.692494 0.792384 0.026335 0.059814
2 0.712558 0.793490 0.024841 0.059105
2 0.734722 0.794824 0.024121 0.057094
2 0.756616 0.802165 0.025680 0.059224
2 0.757998 0.834220 0.025421 0.046695
2 0.743913 0.837521 0.043932 0.059829
2 0.722235 0.834333 0.046273 0.057114
2 0.700924 0.835023 0.047924 0.060683
2 0.674943 0.831877 0.035890 0.058993
2 0.657348 0.834165 0.040363 0.056424
2 0.634299 0.836714 0.037821 0.057036
2 0.613849 0.839012 0.038435 0.057332
2 0.590096 0.840731 0.035808 0.056286
2 0.569912 0.844096 0.037927 0.058786
2 0.548110 0.844732 0.035296 0.057739
2 0.527553 0.843236 0.037998 0.059412
2 0.504956 0.839318 0.037034 0.054434
2 0.483692 0.839730 0.037927 0.061388
