0 0.799696 0.624982 0.030464 0.086665
0 0.796962 0.548858 0.024996 0.081200
0 0.801649 0.473360 0.045305 0.118204
0 0.806353 0.386846 0.038275 0.113145
0 0.815341 0.305391 0.049992 0.095545
0 0.820028 0.218698 0.039056 0.101846
0 0.803826 0.691967 0.036713 0.098387
0 0.804607 0.759917 0.035150 0.085849
0 0.809294 0.814162 0.041399 0.091350
0 0.812028 0.860618 0.046867 0.073392
1 0.722565 0.267799 0.174190 0.089007
1 0.722956 0.362662 0.131228 0.097596
1 0.742875 0.176059 0.116387 0.097596
1 0.721600 0.451047 0.137477 0.092130
1 0.717694 0.530685 0.135915 0.095254
1 0.721525 0.616569 0.131079 0.112430
1 0.722771 0.704406 0.113262 0.100719
1 0.726285 0.793970 0.106232 0.131169
1 0.724332 0.888757 0.127323 0.150840
1 0.595820 0.876869 0.148413 0.104623
1 0.582541 0.782006 0.160911 0.128826
1 0.574730 0.677774 0.162473 0.149907
1 0.575511 0.598916 0.170284 0.121800
1 0.569654 0.503710 0.164035 0.121019
1 0.565358 0.423291 0.163254 0.111650
1 0.579027 0.338187 0.131228 0.100719
1 0.599148 0.241585 0.135134 0.094473
1 0.618676 0.159995 0.172628 0.109307
1 0.632737 0.066693 0.135134 0.075734
1 0.439191 0.312070 0.142945 0.129607
1 0.464187 0.246876 0.135134 0.097596
1 0.470045 0.172313 0.117168 0.073392
1 0.458328 0.263663 0.159348 0.098377
1 0.436848 0.344082 0.144507 0.090569
