0 0.226462 0.498890 0.046659 0.087057
0 0.236460 0.557076 0.066656 0.096829
0 0.260790 0.617483 0.065989 0.080839
0 0.285785 0.693880 0.083986 0.100382
0 0.335111 0.728969 0.059990 0.067514
0 0.379437 0.756508 0.065989 0.058630
0 0.431428 0.763170 0.076654 0.064849
0 0.481420 0.758285 0.072655 0.063960
0 0.535077 0.753399 0.069322 0.048859
0 0.255604 0.448438 0.047887 0.072236
0 0.305596 0.444932 0.087880 0.087665
0 0.350062 0.449490 0.091564 0.077145
0 0.397423 0.457555 0.088406 0.075041
0 0.445572 0.457906 0.076303 0.072937
0 0.490039 0.446685 0.069462 0.078548
0 0.538978 0.432308 0.067357 0.082054
0 0.578182 0.400047 0.052097 0.076444
0 0.609756 0.369890 0.047887 0.063820
