1 0.431802 0.574981 0.070088 0.067211
1 0.472364 0.573732 0.078486 0.063737
1 0.505650 0.570038 0.073565 0.064726
1 0.542103 0.568513 0.071729 0.061630
1 0.588589 0.567362 0.060544 0.060804
1 0.616347 0.566166 0.061677 0.060953
1 0.654920 0.561785 0.065899 0.062980
1 0.688336 0.560211 0.064811 0.056985
1 0.731918 0.560926 0.066224 0.061550
1 0.771165 0.556816 0.060654 0.066644
1 0.396673 0.575531 0.066808 0.064407
1 0.366876 0.578859 0.060106 0.061896
1 0.336296 0.580917 0.045650 0.063578
1 0.239201 0.553744 0.108988 0.042433
1 0.251760 0.569328 0.094063 0.051332
1 0.268343 0.575983 0.072078 0.059335
1 0.297902 0.580358 0.057919 0.063446
1 0.229579 0.521921 0.104102 0.036684
1 0.225073 0.497966 0.094460 0.033928
1 0.221844 0.471429 0.095885 0.034014
1 0.211219 0.442639 0.085789 0.038938
1 0.212704 0.419842 0.088213 0.037603
1 0.214309 0.394706 0.097920 0.036762
1 0.214494 0.369222 0.093755 0.034502
1 0.216141 0.341399 0.089297 0.031187
1 0.283916 0.325072 0.090550 0.032879
1 0.278882 0.300897 0.096044 0.028100
1 0.277887 0.276898 0.092634 0.027606
1 0.290259 0.352931 0.093157 0.032362
1 0.290545 0.383012 0.087846 0.032488
1 0.287309 0.406662 0.098135 0.029295
1 0.286939 0.433656 0.090782 0.034160
1 0.293373 0.457796 0.096372 0.032688
1 0.303718 0.486974 0.104667 0.030628
1 0.319242 0.229244 0.051399 0.043971
1 0.284800 0.234083 0.085139 0.048765
1 0.273280 0.246911 0.082348 0.036904
1 0.351826 0.229817 0.038188 0.049455
1 0.388423 0.232064 0.044777 0.054610
1 0.426474 0.231724 0.046826 0.050756
1 0.455908 0.232510 0.055805 0.053361
1 0.494739 0.232458 0.065183 0.052664
1 0.538749 0.233046 0.042550 0.049207
1 0.574426 0.234597 0.046472 0.044490
1 0.326619 0.169488 0.065275 0.067552
1 0.288439 0.174335 0.058417 0.070371
1 0.368423 0.170678 0.060426 0.065030
1 0.412113 0.170967 0.051539 0.065014
1 0.453225 0.174200 0.053898 0.065974
1 0.483689 0.172483 0.048124 0.065814
1 0.526372 0.171294 0.045379 0.065961
1 0.558991 0.175206 0.045927 0.071870
1 0.604321 0.177952 0.064819 0.070747
1 0.639743 0.175057 0.073150 0.067900
1 0.669913 0.170777 0.053844 0.064633
1 0.701927 0.168426 0.054468 0.069623
1 0.737795 0.166555 0.057360 0.069087
1 0.780983 0.169572 0.073223 0.060291
1 0.792803 0.181107 0.094013 0.051788
1 0.800329 0.202722 0.105022 0.050208
1 0.804504 0.229954 0.093670 0.033284
1 0.806846 0.255672 0.092610 0.038419
1 0.800364 0.280266 0.100721 0.034870
1 0.805149 0.305223 0.092828 0.036402
1 0.806024 0.327073 0.084545 0.034516
1 0.802988 0.355649 0.090076 0.030841
1 0.808462 0.377476 0.097953 0.033910
1 0.819401 0.402355 0.086964 0.038517
1 0.814725 0.427541 0.101604 0.038475
1 0.820967 0.451299 0.098002 0.034353
1 0.815242 0.545016 0.101558 0.054022
1 0.805312 0.554279 0.072909 0.059365
1 0.820196 0.523375 0.111247 0.040811
1 0.823031 0.498582 0.104207 0.035117
1 0.819161 0.475598 0.106523 0.035296
1 0.321584 0.519229 0.089597 0.057286
1 0.303173 0.507352 0.089596 0.034345
1 0.344211 0.520415 0.056490 0.050986
1 0.378864 0.518226 0.039139 0.052313
1 0.414050 0.516757 0.035963 0.042905
1 0.441533 0.513523 0.058091 0.049277
1 0.479445 0.511487 0.055303 0.046633
1 0.517229 0.511156 0.057468 0.053502
1 0.554638 0.512343 0.055371 0.054757
1 0.595950 0.509054 0.057615 0.050843
1 0.635970 0.507076 0.043918 0.050856
1 0.670587 0.506673 0.043272 0.053011
1 0.731870 0.484470 0.078509 0.038032
1 0.722056 0.500321 0.073317 0.053258
1 0.702832 0.504762 0.049510 0.056684
1 0.729496 0.463507 0.085665 0.028358
1 0.736424 0.441671 0.089310 0.023764
1 0.728087 0.416633 0.080040 0.026891
1 0.732084 0.392179 0.090204 0.025840
1 0.722611 0.368079 0.079731 0.031352
1 0.720712 0.340297 0.077574 0.028937
1 0.720462 0.315559 0.078170 0.026888
1 0.715637 0.293763 0.082815 0.031174
1 0.719284 0.266099 0.085887 0.026224
1 0.615771 0.232040 0.042674 0.043921
1 0.649395 0.232693 0.049848 0.048115
1 0.710195 0.232088 0.082798 0.055965
1 0.511191 0.462667 0.055167 0.052608
1 0.469142 0.460915 0.051494 0.055426
1 0.439685 0.464474 0.040045 0.046158
1 0.385306 0.462701 0.087467 0.056695
1 0.407540 0.467756 0.061598 0.055275
1 0.367818 0.448825 0.103702 0.034680
1 0.371242 0.425438 0.111767 0.029308
1 0.364747 0.400641 0.098815 0.032451
1 0.361532 0.377549 0.104946 0.034107
1 0.359315 0.348302 0.100255 0.032583
1 0.353024 0.321743 0.093037 0.033544
1 0.353887 0.294575 0.094657 0.045436
1 0.509258 0.283805 0.048192 0.048810
1 0.471260 0.285857 0.047502 0.053812
1 0.432838 0.282213 0.044986 0.049444
1 0.396963 0.281964 0.035189 0.052385
1 0.544803 0.282913 0.043072 0.046570
1 0.583027 0.286733 0.041656 0.055272
1 0.639838 0.285538 0.080193 0.050620
1 0.615632 0.282252 0.062879 0.055949
1 0.637066 0.304811 0.087848 0.029658
1 0.549243 0.459436 0.051503 0.052279
1 0.587721 0.457053 0.042074 0.056037
1 0.643964 0.456703 0.081328 0.053770
1 0.620780 0.455929 0.042193 0.054123
1 0.639343 0.374275 0.080212 0.035107
1 0.641884 0.398747 0.081015 0.037241
1 0.642070 0.420699 0.081639 0.030065
1 0.653603 0.444831 0.085704 0.036043
1 0.639657 0.328283 0.084028 0.026729
1 0.638766 0.348849 0.087597 0.026113
1 0.445566 0.342563 0.127401 0.044269
1 0.450820 0.334433 0.092216 0.054742
1 0.486030 0.336995 0.042486 0.050952
1 0.518230 0.326952 0.043128 0.061250
1 0.566801 0.339797 0.081234 0.046079
1 0.548888 0.338931 0.067254 0.057913
1 0.462059 0.405084 0.101914 0.053358
1 0.454939 0.390827 0.117379 0.033979
1 0.480595 0.405968 0.070507 0.060731
1 0.502874 0.408536 0.037177 0.058287
1 0.557039 0.409693 0.083877 0.061170
1 0.559760 0.394918 0.086689 0.036583
1 0.533419 0.407216 0.033805 0.059017
1 0.556058 0.359746 0.082455 0.027318
1 0.555388 0.377817 0.093399 0.027838
1 0.454109 0.365189 0.102361 0.028756
