0 0.313731 0.491369 0.011778 0.028501
0 0.309103 0.508502 0.012565 0.032054
0 0.307874 0.528135 0.010444 0.021267
0 0.304708 0.542915 0.018230 0.028029
0 0.305734 0.562133 0.012255 0.021623
0 0.300710 0.576116 0.010071 0.023345
0 0.295517 0.591140 0.011542 0.024784
0 0.290788 0.607211 0.010266 0.022331
0 0.286813 0.621525 0.009417 0.024113
0 0.277954 0.637502 0.010100 0.025474
0 0.319746 0.472385 0.010974 0.024089
0 0.323310 0.456512 0.013815 0.022596
0 0.326025 0.440971 0.013215 0.025289
0 0.328092 0.427985 0.012415 0.018950
0 0.268878 0.646782 0.010527 0.017811
2 0.303324 0.649891 0.044411 0.015394
2 0.309212 0.634784 0.045896 0.016178
2 0.314587 0.620505 0.041832 0.015485
2 0.319904 0.605964 0.039842 0.015864
2 0.323736 0.591146 0.039880 0.014416
2 0.328306 0.576122 0.041982 0.015310
2 0.329098 0.559017 0.037579 0.020227
2 0.330233 0.541221 0.041528 0.016867
2 0.331764 0.523147 0.042469 0.019396
2 0.337279 0.504094 0.042661 0.020688
2 0.338613 0.482595 0.042494 0.022863
2 0.343759 0.469758 0.036731 0.017422
2 0.347703 0.454345 0.038485 0.018049
2 0.348660 0.436097 0.036402 0.018857
2 0.375278 0.456100 0.043040 0.023338
2 0.374290 0.471707 0.045256 0.020941
2 0.369574 0.489349 0.043383 0.020500
2 0.365348 0.503904 0.043668 0.023028
2 0.360230 0.522053 0.048860 0.022324
2 0.360085 0.541173 0.046922 0.022883
2 0.359158 0.557617 0.045227 0.023137
2 0.357520 0.575922 0.044849 0.018230
2 0.354587 0.592403 0.042249 0.016963
2 0.352457 0.607000 0.047311 0.018638
2 0.346528 0.621545 0.046282 0.018676
2 0.340822 0.636103 0.043890 0.020377
2 0.332907 0.649981 0.049314 0.018325
2 0.328640 0.664321 0.048191 0.017835
2 0.373391 0.648999 0.047549 0.017740
2 0.369669 0.664042 0.052700 0.018555
2 0.376373 0.634593 0.041699 0.017671
2 0.381561 0.619465 0.043218 0.015994
2 0.384689 0.603687 0.045544 0.016445
2 0.386947 0.586984 0.044284 0.016810
2 0.389717 0.571574 0.048208 0.018144
2 0.392272 0.553926 0.047162 0.017058
2 0.390781 0.536173 0.037614 0.017832
2 0.391961 0.517916 0.038193 0.019285
2 0.399452 0.502959 0.040914 0.019264
2 0.402557 0.486633 0.040914 0.017374
2 0.404817 0.469637 0.048209 0.020281
2 0.405056 0.454037 0.044256 0.020422
2 0.408201 0.439535 0.042625 0.019343
2 0.377100 0.438542 0.041173 0.018964
2 0.379273 0.423577 0.041213 0.015330
2 0.436560 0.488235 0.053206 0.022985
2 0.431535 0.502969 0.051357 0.018769
2 0.428169 0.518875 0.048908 0.021118
2 0.441195 0.471029 0.047056 0.018467
2 0.445217 0.455479 0.044402 0.017519
2 0.451984 0.441006 0.045595 0.015127
2 0.420699 0.552306 0.047680 0.022490
2 0.422215 0.535452 0.047756 0.022343
2 0.423096 0.570584 0.047765 0.020736
2 0.419270 0.587527 0.048667 0.023647
2 0.417695 0.603758 0.048345 0.021601
2 0.410565 0.620593 0.049997 0.019627
2 0.409995 0.636998 0.047277 0.021025
2 0.406158 0.652485 0.049945 0.025395
2 0.406148 0.667111 0.044126 0.020730
2 0.364967 0.680697 0.043202 0.022181
2 0.396985 0.682220 0.039351 0.019459
2 0.437129 0.669039 0.043341 0.020717
2 0.438963 0.685829 0.042932 0.022998
2 0.435393 0.700792 0.035767 0.020581
2 0.475945 0.675209 0.054480 0.030434
2 0.471907 0.691658 0.049484 0.028837
2 0.468368 0.705795 0.047198 0.022700
2 0.444156 0.652135 0.048245 0.020589
2 0.479138 0.656893 0.050605 0.029696
2 0.480253 0.639873 0.050833 0.028591
2 0.483134 0.621903 0.050719 0.029413
2 0.500289 0.523611 0.047773 0.028866
2 0.448708 0.635366 0.052768 0.018970
2 0.449056 0.618980 0.049585 0.019737
2 0.453628 0.601228 0.046856 0.017920
2 0.486987 0.605558 0.053836 0.031019
2 0.455879 0.583661 0.044699 0.018454
2 0.457429 0.568049 0.046141 0.017796
2 0.493803 0.591004 0.056875 0.032534
2 0.493799 0.572429 0.054985 0.028415
2 0.492282 0.555485 0.050599 0.028999
2 0.459321 0.550240 0.051959 0.020484
2 0.461265 0.533864 0.048091 0.020232
2 0.493187 0.538527 0.052771 0.031468
2 0.463849 0.516885 0.042617 0.017342
2 0.504434 0.506305 0.047005 0.030192
2 0.467505 0.500119 0.043036 0.019576
2 0.510932 0.490028 0.048144 0.029833
2 0.474935 0.484365 0.053537 0.018930
2 0.478040 0.469253 0.053301 0.019651
2 0.517713 0.475856 0.047472 0.030838
2 0.488957 0.455385 0.060893 0.016160
2 0.531341 0.464269 0.037466 0.025752
