0 0.562872 0.585078 0.068835 0.080544
0 0.570111 0.532676 0.060861 0.083396
0 0.568316 0.474138 0.059029 0.084872
0 0.557735 0.416985 0.057749 0.102047
0 0.549305 0.367267 0.064200 0.094197
0 0.569043 0.636505 0.079694 0.083495
0 0.518689 0.305696 0.067255 0.081055
1 0.422044 0.581024 0.252916 0.108018
1 0.413615 0.538550 0.234083 0.088261
1 0.404356 0.492066 0.245962 0.100719
1 0.395858 0.432973 0.256286 0.114952
1 0.387680 0.388748 0.261995 0.100909
1 0.404876 0.633561 0.242728 0.080122
1 0.393051 0.353856 0.219953 0.094046
