3 0.435236 0.534208 0.053112 0.043128
3 0.476648 0.519894 0.045312 0.046474
3 0.523074 0.518407 0.047540 0.044987
3 0.390853 0.538112 0.043083 0.039038
3 0.355370 0.579997 0.056842 0.059228
3 0.346841 0.549080 0.048655 0.037179
3 0.381939 0.505394 0.049769 0.040525
3 0.422423 0.497028 0.051997 0.037923
3 0.468053 0.491071 0.056464 0.038690
3 0.510632 0.485503 0.049397 0.040154
3 0.505804 0.447952 0.050883 0.042384
3 0.457335 0.453157 0.046798 0.051308
3 0.414623 0.460407 0.052740 0.042013
3 0.369311 0.468586 0.048283 0.047218
3 0.556464 0.444196 0.046062 0.043155
3 0.419705 0.636251 0.048574 0.050693
3 0.458719 0.601852 0.058392 0.043451
3 0.442442 0.568488 0.051674 0.037244
3 0.486753 0.651770 0.044698 0.035692
3 0.516724 0.609224 0.047282 0.034916
3 0.560518 0.601852 0.049607 0.036209
3 0.398131 0.569910 0.046765 0.050435
3 0.407132 0.607887 0.047548 0.040179
3 0.467891 0.630432 0.054000 0.049400
3 0.523958 0.646209 0.049866 0.041641
3 0.566202 0.634441 0.045990 0.046555
3 0.378366 0.652028 0.045473 0.043969
3 0.370744 0.618535 0.045215 0.044745
3 0.493212 0.714994 0.042631 0.034372
3 0.535068 0.714592 0.045215 0.039830
3 0.532355 0.677607 0.038756 0.041900
3 0.491145 0.684028 0.042115 0.036817
3 0.457169 0.719895 0.042890 0.032847
3 0.388055 0.678383 0.039014 0.040348
3 0.540235 0.745888 0.037464 0.041382
3 0.502255 0.745888 0.042631 0.038279
3 0.576666 0.744336 0.035914 0.035692
3 0.574728 0.708385 0.036689 0.038796
3 0.572808 0.673363 0.043091 0.037202
3 0.293864 0.740847 0.050124 0.037244
3 0.275003 0.708000 0.054775 0.040865
3 0.339338 0.662092 0.044957 0.039054
3 0.302003 0.667672 0.050382 0.034101
3 0.258578 0.759911 0.051158 0.046479
3 0.222794 0.686032 0.057617 0.042158
3 0.239201 0.724957 0.056842 0.044486
3 0.199540 0.740734 0.042631 0.039830
3 0.183521 0.702068 0.055550 0.044745
3 0.483078 0.555535 0.045613 0.046625
3 0.513272 0.574024 0.042401 0.037300
3 0.552300 0.565664 0.040795 0.041159
3 0.545233 0.537689 0.039510 0.032798
3 0.595022 0.558589 0.049789 0.054021
3 0.604819 0.596372 0.044971 0.053056
3 0.609906 0.636671 0.043686 0.040194
3 0.613921 0.669469 0.038867 0.040837
3 0.654073 0.670112 0.043365 0.039551
3 0.616009 0.705001 0.040474 0.043088
3 0.654234 0.701142 0.043043 0.048876
3 0.613600 0.740211 0.032443 0.039551
3 0.649885 0.743879 0.030813 0.036133
3 0.708651 0.755115 0.040057 0.034811
3 0.680478 0.744760 0.040938 0.037014
3 0.692584 0.710610 0.037856 0.040099
3 0.572580 0.771925 0.031902 0.043206
3 0.607297 0.774587 0.032528 0.039762
3 0.536924 0.775526 0.035655 0.039762
3 0.506117 0.773491 0.035343 0.047590
3 0.634820 0.774900 0.025021 0.036631
3 0.524517 0.815476 0.044577 0.038690
3 0.333253 0.726464 0.048621 0.039658
3 0.313625 0.696540 0.048261 0.037495
3 0.355223 0.687166 0.049341 0.040379
3 0.381334 0.718712 0.059786 0.027761
3 0.313445 0.771529 0.052943 0.047590
3 0.348920 0.756027 0.043219 0.043263
3 0.337755 0.814252 0.054743 0.046508
3 0.387096 0.748816 0.044659 0.043984
3 0.224306 0.778379 0.046100 0.041821
3 0.216279 0.834806 0.059113 0.077333
3 0.250057 0.812089 0.052943 0.047950
3 0.281931 0.794603 0.056904 0.041100
3 0.649975 0.628231 0.045012 0.054677
3 0.694987 0.668480 0.039954 0.051133
3 0.730010 0.669746 0.035150 0.051640
3 0.731274 0.634433 0.038690 0.048855
3 0.693217 0.632661 0.046529 0.054931
3 0.678803 0.563935 0.048552 0.040502
3 0.638469 0.560011 0.040207 0.038224
3 0.647446 0.595197 0.044000 0.047843
3 0.686642 0.597475 0.039448 0.048349
3 0.725964 0.598741 0.045770 0.053412
3 0.760608 0.597982 0.038184 0.050374
3 0.764780 0.634813 0.027816 0.049108
3 0.833815 0.616587 0.037425 0.042527
3 0.797021 0.605829 0.036667 0.053918
3 0.829895 0.658101 0.048299 0.065815
3 0.794746 0.645571 0.034644 0.046830
3 0.725211 0.713853 0.039448 0.058474
3 0.755683 0.781440 0.052345 0.046830
3 0.777177 0.745621 0.035655 0.057209
3 0.762654 0.683856 0.030886 0.058221
3 0.755303 0.726383 0.031356 0.052146
3 0.733936 0.764607 0.043242 0.041008
3 0.822694 0.704740 0.045265 0.070625
3 0.791844 0.689805 0.036667 0.062525
3 0.809545 0.754861 0.057403 0.067587
3 0.872005 0.688539 0.044253 0.047843
3 0.672280 0.841609 0.071936 0.048529
3 0.647881 0.827968 0.042556 0.048741
3 0.620085 0.816263 0.045240 0.049125
3 0.573120 0.856177 0.048691 0.056800
3 0.520979 0.847350 0.040256 0.047590
3 0.463087 0.746989 0.033355 0.041833
3 0.397948 0.785341 0.051606 0.061679
3 0.362918 0.795517 0.029087 0.048216
3 0.411397 0.827295 0.062866 0.059800
3 0.308340 0.834809 0.051919 0.051660
3 0.274405 0.855786 0.045977 0.054791
3 0.340712 0.867840 0.053483 0.056356
3 0.359634 0.844985 0.040034 0.047590
3 0.417183 0.872224 0.050668 0.062618
3 0.453620 0.854377 0.065368 0.057608
3 0.480205 0.778923 0.042849 0.046337
3 0.551985 0.834183 0.035655 0.056669
3 0.163734 0.747768 0.045351 0.049155
3 0.658362 0.775234 0.032840 0.044772
3 0.681038 0.787288 0.046915 0.052599
3 0.703869 0.806387 0.039409 0.048842
3 0.739525 0.858359 0.064430 0.056982
3 0.783156 0.820632 0.050355 0.067940
3 0.616451 0.863056 0.072249 0.051347
3 0.683227 0.882154 0.054421 0.050094
3 0.727952 0.819849 0.048166 0.045085
3 0.568963 0.806614 0.037845 0.038197
3 0.598676 0.810685 0.030964 0.040702
3 0.453195 0.678571 0.032689 0.050595
3 0.413770 0.686758 0.036770 0.059115
3 0.422870 0.767251 0.046055 0.045359
3 0.447012 0.793462 0.046798 0.041269
3 0.423420 0.734666 0.038202 0.043340
3 0.186027 0.784964 0.056938 0.052293
3 0.474267 0.830559 0.063295 0.062254
3 0.872617 0.630458 0.045606 0.067787
3 0.833231 0.571524 0.040354 0.061700
3 0.877178 0.590616 0.045329 0.052847
3 0.792324 0.558659 0.039248 0.061977
3 0.753766 0.557967 0.040630 0.058380
3 0.716038 0.554370 0.037037 0.051186
3 0.327678 0.625959 0.044776 0.037352
3 0.292023 0.629971 0.050304 0.053677
3 0.250287 0.633983 0.051410 0.053953
3 0.262034 0.667462 0.048922 0.049526
3 0.207583 0.647956 0.051134 0.037629
3 0.165709 0.654734 0.051410 0.061147
3 0.229695 0.601473 0.051686 0.053677
3 0.275301 0.600089 0.055003 0.043716
3 0.195560 0.610050 0.053621 0.064744
3 0.316346 0.586532 0.050857 0.056443
3 0.154496 0.614481 0.049199 0.051463
3 0.181307 0.571595 0.046435 0.050910
3 0.142197 0.579481 0.049475 0.054507
3 0.263556 0.558328 0.059978 0.053953
3 0.217950 0.563723 0.048370 0.050356
3 0.306950 0.550165 0.050581 0.053123
3 0.712481 0.520089 0.046062 0.049107
3 0.672141 0.517502 0.040354 0.053953
3 0.630405 0.519439 0.049199 0.053400
3 0.750915 0.519715 0.038143 0.055060
3 0.789334 0.522620 0.038143 0.054230
3 0.147571 0.716580 0.054473 0.053043
3 0.587215 0.524964 0.046435 0.050910
3 0.622871 0.482355 0.047540 0.052017
3 0.666403 0.481801 0.041736 0.054230
3 0.708277 0.481386 0.040354 0.054507
3 0.749322 0.482355 0.046158 0.055337
3 0.786360 0.481663 0.043394 0.052847
3 0.739787 0.409725 0.037037 0.054507
3 0.582516 0.488719 0.041460 0.055337
3 0.550316 0.485952 0.033997 0.055890
3 0.658940 0.446248 0.045606 0.055060
3 0.703026 0.446663 0.042565 0.047590
3 0.744486 0.446801 0.043671 0.059487
3 0.782076 0.446663 0.038143 0.055890
3 0.831305 0.525927 0.047264 0.051740
3 0.828402 0.489267 0.040907 0.056443
3 0.873179 0.499504 0.042565 0.061977
3 0.875114 0.544188 0.044776 0.052293
3 0.869724 0.458417 0.043947 0.057273
3 0.823704 0.450531 0.041460 0.056997
3 0.909801 0.519979 0.032339 0.043716
3 0.905379 0.479168 0.039525 0.047866
3 0.907314 0.434898 0.039525 0.048420
3 0.908909 0.566390 0.029298 0.045376
3 0.906007 0.614810 0.025705 0.051463
3 0.496736 0.411819 0.054174 0.050910
3 0.446984 0.415000 0.047540 0.050633
3 0.543033 0.406977 0.050028 0.058380
3 0.593611 0.404018 0.049034 0.052083
3 0.607378 0.446488 0.055556 0.060040
3 0.655057 0.408306 0.040354 0.058934
3 0.696793 0.411903 0.047540 0.057274
3 0.819885 0.408509 0.037866 0.057550
3 0.779346 0.412946 0.040119 0.055060
3 0.863299 0.421131 0.038633 0.044643
3 0.572065 0.367560 0.047548 0.050595
3 0.530330 0.372015 0.056385 0.054507
3 0.485416 0.377549 0.051686 0.047866
3 0.627439 0.404547 0.032319 0.065957
3 0.696664 0.371777 0.041911 0.059278
3 0.737324 0.373760 0.041911 0.058652
3 0.777745 0.369820 0.041285 0.049886
3 0.818926 0.375038 0.042328 0.046963
3 0.862609 0.379213 0.045872 0.048633
3 0.858126 0.342268 0.038991 0.037362
3 0.819447 0.340598 0.043787 0.050303
3 0.777117 0.344494 0.047548 0.043155
3 0.732185 0.340285 0.042745 0.040075
3 0.904903 0.390625 0.035661 0.043155
3 0.907132 0.353423 0.046062 0.052083
3 0.813930 0.300855 0.039200 0.042163
3 0.858238 0.303360 0.041077 0.039241
3 0.901087 0.313692 0.045455 0.040284
3 0.771185 0.302003 0.044621 0.048216
3 0.811949 0.262867 0.046081 0.045085
3 0.855736 0.265059 0.045247 0.043206
3 0.895979 0.272469 0.036906 0.041328
3 0.621856 0.363400 0.053796 0.041537
3 0.601839 0.329586 0.045872 0.041537
3 0.655009 0.370079 0.036698 0.058652
3 0.648858 0.321655 0.051919 0.056982
3 0.696503 0.333656 0.037532 0.049259
3 0.561805 0.330421 0.043787 0.055730
3 0.518539 0.337935 0.052336 0.051973
3 0.334056 0.505370 0.052545 0.058235
3 0.291728 0.512154 0.047957 0.053016
3 0.252320 0.521442 0.049208 0.052390
3 0.207386 0.528539 0.048583 0.054895
3 0.169936 0.535820 0.045872 0.052182
3 0.127921 0.538846 0.056506 0.068671
3 0.160240 0.499501 0.048166 0.053851
3 0.200274 0.491987 0.051919 0.053851
3 0.239590 0.487097 0.041702 0.054060
3 0.282961 0.482088 0.045455 0.052808
3 0.324454 0.467999 0.050043 0.049677
3 0.275037 0.451614 0.047540 0.044876
3 0.232188 0.455788 0.038574 0.043206
3 0.195073 0.455997 0.043996 0.044459
3 0.402517 0.425962 0.053379 0.049468
3 0.362275 0.432954 0.050877 0.048424
3 0.308958 0.437976 0.041116 0.056593
3 0.149675 0.458863 0.056157 0.057107
3 0.222174 0.411868 0.048432 0.052943
3 0.185330 0.418114 0.044866 0.051754
3 0.145070 0.420791 0.052294 0.058892
3 0.289399 0.339613 0.037735 0.041641
3 0.248395 0.344669 0.040112 0.041046
3 0.210957 0.348238 0.043083 0.039856
3 0.166388 0.352551 0.041301 0.040154
3 0.219277 0.381402 0.044272 0.043723
3 0.258349 0.379023 0.041004 0.042533
3 0.176342 0.388690 0.055266 0.049969
3 0.511887 0.306548 0.046062 0.041667
3 0.128685 0.675538 0.052545 0.045711
3 0.113985 0.637028 0.049417 0.050094
3 0.428131 0.349918 0.046055 0.044119
3 0.474185 0.338021 0.047045 0.048085
3 0.437593 0.383185 0.046062 0.043155
3 0.350629 0.397216 0.048283 0.049077
3 0.393899 0.390152 0.050140 0.051308
3 0.306617 0.408370 0.040484 0.044615
3 0.266877 0.414133 0.042712 0.040526
3 0.296404 0.373607 0.042341 0.039038
3 0.338782 0.364583 0.047548 0.053571
3 0.385542 0.358178 0.054226 0.058743
3 0.420454 0.311518 0.044569 0.050192
3 0.376257 0.319326 0.043084 0.047218
3 0.331130 0.329364 0.046426 0.044987
3 0.465438 0.304032 0.048283 0.057256
3 0.553833 0.296596 0.051254 0.052051
3 0.593945 0.289160 0.046055 0.050564
3 0.635172 0.283583 0.044569 0.055025
3 0.760383 0.264157 0.049323 0.044615
3 0.627043 0.254464 0.050520 0.041667
3 0.693854 0.305891 0.036398 0.049820
3 0.731367 0.303288 0.037884 0.040154
3 0.676955 0.283769 0.043455 0.045731
3 0.708154 0.248242 0.044941 0.034989
3 0.669341 0.244545 0.046798 0.051308
3 0.585774 0.260160 0.043083 0.038667
3 0.544548 0.263321 0.041598 0.040526
3 0.498122 0.270756 0.045312 0.044243
3 0.132114 0.386254 0.047912 0.047961
3 0.123386 0.345357 0.048283 0.050936
3 0.159413 0.314312 0.049026 0.044615
3 0.283804 0.302827 0.044577 0.040179
3 0.246657 0.308036 0.044577 0.041667
3 0.201337 0.310268 0.043091 0.037202
3 0.325064 0.296915 0.044500 0.042333
3 0.367352 0.291519 0.052792 0.039289
3 0.412682 0.286816 0.055556 0.044823
3 0.457596 0.278654 0.048093 0.038459
3 0.404666 0.250017 0.047264 0.035416
3 0.361548 0.254846 0.043947 0.036824
3 0.322023 0.263851 0.040630 0.036522
3 0.279458 0.263989 0.042289 0.047866
3 0.240071 0.270076 0.044776 0.041779
3 0.200594 0.274554 0.038633 0.040179
3 0.152023 0.274713 0.050028 0.039842
3 0.114986 0.310682 0.045606 0.049250
3 0.188369 0.237222 0.050304 0.056720
3 0.231764 0.229198 0.042565 0.052847
3 0.272809 0.224910 0.048370 0.054783
3 0.143593 0.234455 0.042012 0.053400
3 0.107727 0.275298 0.052006 0.044643
3 0.098068 0.237351 0.053492 0.049107
3 0.092376 0.190843 0.051963 0.073875
3 0.136323 0.190013 0.047540 0.062807
3 0.182205 0.192918 0.049199 0.058104
3 0.222140 0.187500 0.057949 0.059524
3 0.263218 0.183924 0.055003 0.056443
3 0.312555 0.220031 0.044224 0.055613
3 0.351665 0.213806 0.043394 0.060317
3 0.297215 0.179358 0.056662 0.050633
3 0.337430 0.175347 0.057491 0.050910
3 0.393125 0.206612 0.048370 0.056997
3 0.378337 0.173410 0.061913 0.054230
3 0.415236 0.166493 0.055003 0.051463
3 0.434308 0.205643 0.043947 0.055060
3 0.445502 0.243411 0.039801 0.039289
3 0.458395 0.161458 0.060921 0.049107
3 0.476424 0.201691 0.047264 0.045653
3 0.488724 0.229221 0.046988 0.044269
3 0.498951 0.153133 0.056938 0.048696
3 0.518160 0.192837 0.045053 0.046206
3 0.529493 0.227146 0.046711 0.041779
3 0.569156 0.220367 0.052516 0.052570
3 0.559482 0.182600 0.044776 0.053953
3 0.544577 0.148810 0.054978 0.047619
3 0.610615 0.211513 0.043671 0.051463
3 0.599283 0.175544 0.044224 0.048696
3 0.587590 0.141097 0.060975 0.041779
3 0.753475 0.232187 0.051963 0.042056
3 0.739932 0.209948 0.036484 0.038390
3 0.803642 0.228313 0.042842 0.045929
3 0.797146 0.188609 0.051410 0.049526
3 0.696952 0.207147 0.047817 0.052847
3 0.653696 0.207700 0.044776 0.053953
3 0.685896 0.169518 0.045606 0.050080
3 0.641949 0.168826 0.048922 0.052017
3 0.730949 0.171316 0.042289 0.043716
3 0.773652 0.172008 0.043118 0.039012
3 0.851207 0.224592 0.046158 0.050633
3 0.892252 0.228051 0.038143 0.052570
3 0.889212 0.195402 0.040907 0.045929
3 0.847199 0.188208 0.046435 0.048143
3 0.634133 0.137207 0.044224 0.039012
3 0.678081 0.140251 0.043671 0.036246
3 0.726036 0.142188 0.050028 0.036799
3 0.768739 0.140943 0.042565 0.030435
3 0.840226 0.155524 0.042354 0.047373
