0 0.355748 0.600913 0.026886 0.032615
0 0.344500 0.532898 0.024665 0.031824
0 0.348999 0.549568 0.026517 0.036367
0 0.348939 0.572369 0.025603 0.041374
0 0.358308 0.627186 0.020045 0.036288
0 0.357168 0.656357 0.027724 0.046962
0 0.358905 0.684564 0.033373 0.065356
0 0.360763 0.716922 0.025746 0.057042
0 0.339289 0.508106 0.025394 0.038674
0 0.338820 0.483662 0.022720 0.035943
0 0.329024 0.460187 0.026823 0.042023
0 0.324803 0.434142 0.025283 0.044713
0 0.324377 0.410530 0.031516 0.043130
0 0.329060 0.380629 0.030932 0.042150
0 0.371556 0.747576 0.032283 0.033133
2 0.397172 0.509473 0.089322 0.028034
2 0.389630 0.484728 0.080233 0.028024
2 0.405157 0.533552 0.091776 0.029547
2 0.405265 0.563131 0.081514 0.033705
2 0.409425 0.592974 0.091877 0.030374
2 0.414784 0.620308 0.094044 0.029856
2 0.417091 0.639853 0.102998 0.044297
2 0.419942 0.670085 0.098066 0.043410
2 0.422167 0.706601 0.092920 0.027288
2 0.422917 0.730600 0.097045 0.035276
2 0.386867 0.457803 0.090878 0.028458
2 0.373837 0.429063 0.082558 0.033294
2 0.380855 0.398853 0.089487 0.030982
2 0.382202 0.375385 0.071319 0.024671
2 0.434583 0.407617 0.109582 0.030517
2 0.437896 0.432787 0.088345 0.023500
2 0.446749 0.459995 0.085187 0.028668
2 0.456529 0.485227 0.086664 0.030436
2 0.462934 0.514352 0.083302 0.026248
2 0.465728 0.544604 0.089245 0.035097
2 0.470106 0.573637 0.091304 0.033231
2 0.477433 0.604261 0.084201 0.029672
2 0.503205 0.442069 0.086427 0.024992
2 0.510835 0.470871 0.074908 0.023640
2 0.513715 0.497908 0.075715 0.026246
2 0.523084 0.527270 0.087258 0.029817
2 0.489996 0.414183 0.071277 0.026901
2 0.527150 0.559185 0.081460 0.030000
2 0.530197 0.588601 0.081514 0.028893
2 0.481432 0.380974 0.075985 0.025291
2 0.545131 0.415627 0.083965 0.038739
2 0.557448 0.446880 0.083354 0.033005
2 0.568068 0.476388 0.085801 0.032361
2 0.570335 0.507120 0.086750 0.031008
2 0.572432 0.537151 0.096799 0.029803
2 0.580844 0.566698 0.076495 0.031948
2 0.587525 0.594722 0.077514 0.033130
2 0.537127 0.386833 0.072287 0.032528
2 0.590201 0.623600 0.077892 0.034052
2 0.534830 0.618089 0.076275 0.028336
2 0.481052 0.632910 0.085080 0.028200
2 0.537956 0.646421 0.077470 0.027235
2 0.482862 0.661393 0.087876 0.029867
2 0.544322 0.672981 0.081748 0.030949
2 0.540369 0.704813 0.075537 0.026890
2 0.484954 0.721243 0.086857 0.035181
2 0.546792 0.735037 0.077773 0.026846
2 0.597737 0.715021 0.080907 0.033176
2 0.657056 0.700990 0.077748 0.044115
2 0.651591 0.672257 0.083659 0.041989
2 0.598734 0.685296 0.088278 0.032697
2 0.593627 0.652163 0.078886 0.027352
2 0.646537 0.642351 0.081326 0.036765
2 0.643327 0.613573 0.083358 0.043170
2 0.483941 0.690632 0.088148 0.034001
2 0.524673 0.358120 0.080729 0.031041
2 0.653718 0.728755 0.061236 0.041243
2 0.640522 0.582568 0.073916 0.041984
2 0.634946 0.551316 0.076566 0.040255
2 0.633844 0.527150 0.082307 0.046912
2 0.628384 0.493685 0.077237 0.039725
2 0.620777 0.465833 0.084949 0.037979
2 0.613312 0.434461 0.075103 0.035433
2 0.600674 0.405462 0.079588 0.038381
2 0.593441 0.378610 0.079515 0.037645
2 0.586308 0.351726 0.082355 0.038855
