0 0.582868 0.695357 0.024996 0.038369
0 0.566353 0.711195 0.025889 0.029892
0 0.543365 0.714299 0.025442 0.021008
0 0.519485 0.715211 0.032138 0.019185
0 0.495829 0.714095 0.033030 0.019631
0 0.472748 0.714095 0.030093 0.016954
0 0.458575 0.717369 0.021838 0.010407
3 0.471502 0.651188 0.027228 0.049969
3 0.450077 0.647842 0.023657 0.046846
3 0.426644 0.647173 0.024103 0.041046
3 0.400086 0.644719 0.021871 0.039708
3 0.375313 0.647396 0.024103 0.045061
3 0.351433 0.646726 0.027228 0.042831
3 0.329562 0.645165 0.022764 0.045061
3 0.305682 0.648065 0.024103 0.041938
3 0.496094 0.653906 0.026562 0.048438
3 0.520601 0.657657 0.023657 0.045954
3 0.545205 0.658071 0.025539 0.042908
3 0.568707 0.658885 0.021464 0.040736
3 0.589084 0.656577 0.020920 0.035033
3 0.521975 0.689437 0.027441 0.034490
3 0.485840 0.688486 0.033418 0.037477
3 0.456905 0.608780 0.022822 0.043723
3 0.479863 0.612039 0.023094 0.045352
3 0.506081 0.616792 0.029343 0.047253
3 0.530262 0.618964 0.024996 0.045081
3 0.553628 0.623581 0.023366 0.051598
3 0.575635 0.620729 0.023366 0.047525
3 0.597642 0.623988 0.021736 0.050241
0 0.599934 0.680956 0.026319 0.038416
0 0.609461 0.655796 0.031788 0.037680
3 0.431773 0.610681 0.022007 0.045895
3 0.405939 0.607467 0.026898 0.044809
3 0.382030 0.608553 0.026898 0.039921
3 0.356762 0.608689 0.024181 0.045081
3 0.332310 0.608825 0.026354 0.043723
3 0.310031 0.610997 0.023094 0.046982
3 0.285035 0.602443 0.024724 0.059746
3 0.302831 0.565238 0.026083 0.065177
3 0.355268 0.567139 0.025539 0.057573
3 0.377411 0.567818 0.023637 0.058388
3 0.401864 0.566460 0.024181 0.058931
3 0.426316 0.568361 0.026898 0.053499
3 0.450769 0.571077 0.024181 0.052413
3 0.473591 0.570941 0.026354 0.052685
3 0.500896 0.574200 0.023366 0.055400
3 0.526843 0.575693 0.023094 0.056758
3 0.549484 0.577390 0.024996 0.052956
3 0.571899 0.577254 0.024724 0.060832
3 0.596216 0.580649 0.023366 0.055672
3 0.508051 0.542493 0.024181 0.049969
3 0.481425 0.539234 0.025268 0.051055
3 0.456837 0.536790 0.027169 0.051055
3 0.435509 0.533260 0.026898 0.048883
3 0.408611 0.534618 0.025268 0.049426
3 0.531281 0.545073 0.022279 0.041550
3 0.553696 0.547381 0.025268 0.038563
3 0.579099 0.546567 0.021192 0.038020
3 0.603280 0.553084 0.025539 0.040736
3 0.383111 0.532210 0.024996 0.045081
3 0.328125 0.567187 0.025000 0.059375
3 0.357096 0.532617 0.024724 0.048068
3 0.333731 0.532888 0.025268 0.041007
3 0.310637 0.534925 0.020920 0.038563
3 0.302757 0.504645 0.024181 0.051870
3 0.328976 0.503287 0.026083 0.045352
3 0.351934 0.501250 0.024181 0.046167
3 0.377881 0.499349 0.026626 0.040736
3 0.404371 0.499621 0.027441 0.041279
3 0.427193 0.499349 0.025268 0.038563
3 0.453412 0.501658 0.022822 0.045352
3 0.477049 0.502608 0.023909 0.043994
3 0.575433 0.519049 0.021192 0.039921
3 0.525033 0.511038 0.027984 0.045624
3 0.502075 0.506014 0.027169 0.042637
3 0.596625 0.519185 0.027169 0.042908
3 0.482713 0.466924 0.024996 0.038835
3 0.457989 0.463529 0.031517 0.044538
3 0.431227 0.464208 0.026898 0.046439
3 0.407318 0.462307 0.026898 0.041550
3 0.383816 0.460542 0.024996 0.045624
3 0.506758 0.470454 0.030701 0.048068
3 0.531074 0.471812 0.027169 0.048068
3 0.556206 0.474799 0.023637 0.042093
3 0.358322 0.461152 0.025811 0.045624
3 0.332919 0.465090 0.026626 0.045895
3 0.325583 0.427613 0.027169 0.050784
3 0.349900 0.429107 0.025811 0.042908
3 0.376118 0.429378 0.022279 0.036934
3 0.307380 0.462782 0.024996 0.046710
3 0.400978 0.430872 0.029615 0.041007
3 0.425838 0.432773 0.029886 0.039378
3 0.452192 0.432637 0.022279 0.036934
3 0.475286 0.434674 0.024452 0.042637
3 0.502413 0.437235 0.026354 0.046710
3 0.526187 0.437643 0.023909 0.041550
3 0.550911 0.440902 0.024996 0.043723
3 0.575499 0.443889 0.029615 0.045352
3 0.608782 0.404104 0.019562 0.054314
3 0.583242 0.405733 0.027713 0.056487
3 0.557296 0.403017 0.029071 0.045624
3 0.531621 0.401931 0.025539 0.041822
3 0.506353 0.398265 0.027713 0.044266
3 0.482444 0.397314 0.027713 0.042365
3 0.457856 0.395278 0.027441 0.046439
3 0.432452 0.395821 0.025539 0.045352
3 0.408951 0.392698 0.026898 0.042908
3 0.382914 0.391133 0.026083 0.042093
3 0.356831 0.391677 0.032603 0.045895
3 0.330613 0.385702 0.026354 0.044266
3 0.526048 0.368073 0.026083 0.040464
3 0.502819 0.368888 0.025811 0.041550
3 0.477415 0.365765 0.025539 0.039649
3 0.451333 0.363728 0.023366 0.044266
3 0.429325 0.363321 0.023909 0.043451
3 0.402428 0.358976 0.028800 0.045081
3 0.550781 0.370312 0.026562 0.046875
3 0.576991 0.367395 0.027441 0.046710
3 0.601851 0.369296 0.029343 0.054314
3 0.602123 0.321906 0.026626 0.051870
3 0.581250 0.322656 0.028125 0.057813
3 0.559739 0.325029 0.030430 0.064091
3 0.537867 0.322585 0.033418 0.060832
3 0.514637 0.322585 0.034233 0.056487
3 0.490049 0.322585 0.033418 0.058659
3 0.462200 0.322721 0.035320 0.055672
3 0.439786 0.321499 0.036679 0.059746
3 0.413703 0.319598 0.037222 0.057573
3 0.389386 0.314302 0.038581 0.053499
3 0.375258 0.355853 0.027713 0.047525
3 0.349855 0.357482 0.023637 0.042094
3 0.324028 0.353407 0.024996 0.039649
3 0.362500 0.310937 0.034375 0.053125
3 0.339107 0.309956 0.030701 0.054857
3 0.550055 0.512682 0.026558 0.044894
