0 0.564898 0.737804 0.088472 0.060828
0 0.626837 0.715524 0.095885 0.084515
0 0.687076 0.681257 0.075553 0.083989
0 0.764565 0.644159 0.097962 0.096419
0 0.794528 0.585118 0.068470 0.069786
0 0.813196 0.532255 0.059814 0.070017
0 0.812573 0.472700 0.073531 0.082151
0 0.799222 0.418503 0.067646 0.076339
0 0.786185 0.360917 0.054182 0.071348
0 0.507928 0.714063 0.081213 0.054705
0 0.490228 0.664916 0.095921 0.088266
0 0.489205 0.617053 0.081904 0.096166
0 0.488671 0.564586 0.081728 0.091339
0 0.480205 0.510912 0.082782 0.074506
0 0.460921 0.461359 0.089408 0.073041
0 0.438227 0.410736 0.089645 0.071099
0 0.399199 0.372674 0.087891 0.052593
0 0.360899 0.348856 0.071448 0.053511
