0 0.397672 0.627704 0.022376 0.010855
0 0.412849 0.635165 0.021497 0.013539
0 0.378495 0.621010 0.029298 0.011562
0 0.424614 0.640909 0.025743 0.013929
0 0.442578 0.645500 0.021383 0.011551
0 0.453339 0.648258 0.024624 0.014227
0 0.473481 0.648424 0.025438 0.016833
0 0.488417 0.651333 0.024258 0.009821
0 0.509876 0.652670 0.028522 0.013233
0 0.526672 0.657171 0.032202 0.011242
0 0.544431 0.662225 0.028982 0.010626
0 0.558896 0.667972 0.023513 0.008566
0 0.573409 0.671501 0.027631 0.012845
2 0.367193 0.675166 0.017329 0.033930
2 0.383297 0.655211 0.020681 0.044282
2 0.383391 0.684335 0.018824 0.032237
2 0.397223 0.657690 0.016085 0.035040
2 0.397141 0.689616 0.016958 0.043333
2 0.410518 0.694957 0.017931 0.042874
2 0.410852 0.665021 0.019622 0.039385
2 0.424961 0.670151 0.016881 0.040565
2 0.440574 0.674599 0.016928 0.040296
2 0.425679 0.699145 0.016935 0.042841
2 0.442859 0.702218 0.016173 0.046070
2 0.458869 0.705920 0.018377 0.047551
2 0.458448 0.677244 0.020250 0.042438
2 0.474518 0.678029 0.016697 0.040296
2 0.492032 0.680579 0.019517 0.046646
2 0.475627 0.707959 0.018930 0.041239
2 0.492995 0.710264 0.019833 0.044962
2 0.509846 0.713122 0.020418 0.043178
2 0.509968 0.684650 0.023297 0.043352
2 0.527028 0.683889 0.015546 0.045307
2 0.353075 0.671575 0.017244 0.038684
2 0.367213 0.648098 0.017437 0.038970
2 0.524808 0.717630 0.016315 0.041778
2 0.539742 0.721900 0.017188 0.044345
2 0.556028 0.723518 0.019255 0.044924
2 0.555838 0.696597 0.019061 0.037434
2 0.571546 0.698072 0.015959 0.037726
2 0.571270 0.726277 0.017313 0.039267
2 0.587971 0.730574 0.015868 0.047540
2 0.570149 0.760040 0.020436 0.055964
2 0.556618 0.755716 0.015396 0.044480
2 0.539887 0.753417 0.020629 0.043168
2 0.525546 0.748106 0.017387 0.039508
2 0.508757 0.748086 0.019561 0.039613
2 0.494159 0.744831 0.019090 0.045721
2 0.477157 0.738800 0.016058 0.036221
2 0.461123 0.736837 0.017499 0.037811
2 0.444829 0.733905 0.014433 0.043630
2 0.427704 0.733217 0.017096 0.042763
2 0.411331 0.728670 0.017884 0.039751
2 0.397199 0.724647 0.014793 0.039872
2 0.382900 0.722097 0.013462 0.040977
2 0.367626 0.717651 0.017033 0.043598
2 0.352756 0.712442 0.017762 0.042564
2 0.339387 0.709150 0.014801 0.044092
2 0.325922 0.742011 0.015017 0.047626
2 0.338671 0.742112 0.014454 0.037907
2 0.353069 0.742298 0.015472 0.036569
2 0.366587 0.745743 0.020859 0.040376
2 0.380792 0.752923 0.016648 0.048001
2 0.396466 0.755701 0.018930 0.041122
2 0.412356 0.758160 0.017768 0.047356
2 0.428120 0.762361 0.022521 0.049405
2 0.443264 0.767155 0.023546 0.046482
2 0.460869 0.768400 0.022652 0.051113
2 0.477660 0.770833 0.021875 0.049181
2 0.493821 0.775704 0.016790 0.047083
2 0.508265 0.779032 0.018418 0.053665
2 0.523893 0.781428 0.018873 0.048760
2 0.539741 0.787322 0.016543 0.045386
2 0.555088 0.789318 0.017972 0.045841
2 0.539413 0.822748 0.018874 0.047011
2 0.525134 0.815868 0.021431 0.053276
2 0.509021 0.814257 0.019326 0.045326
2 0.493076 0.808963 0.017980 0.042760
2 0.476176 0.805612 0.021116 0.046135
2 0.461221 0.802129 0.021271 0.044542
2 0.444614 0.799286 0.017883 0.039066
2 0.429391 0.794254 0.017389 0.036260
2 0.414541 0.793249 0.016126 0.043404
2 0.397850 0.789817 0.019597 0.047615
2 0.382640 0.789033 0.018401 0.049213
2 0.366803 0.785379 0.016823 0.045449
2 0.351268 0.781121 0.018071 0.040329
2 0.334221 0.779709 0.022616 0.043082
2 0.317132 0.784049 0.019870 0.039594
2 0.329332 0.810552 0.023372 0.045539
2 0.347100 0.812154 0.026378 0.047238
2 0.361454 0.816753 0.026081 0.043391
2 0.375440 0.821111 0.031571 0.047186
2 0.390393 0.822926 0.030716 0.048718
2 0.407876 0.823447 0.031880 0.053430
2 0.423437 0.829714 0.027554 0.046585
2 0.441102 0.833575 0.026364 0.045751
2 0.456740 0.834990 0.026709 0.045106
2 0.471667 0.837560 0.030279 0.045250
2 0.486092 0.842857 0.032035 0.053580
2 0.502198 0.847431 0.032020 0.045818
2 0.517215 0.852131 0.033129 0.043694
2 0.529813 0.862514 0.032195 0.046470
2 0.552945 0.830459 0.018234 0.055495
