0 0.416339 0.588370 0.019985 0.011164
0 0.430937 0.591758 0.019518 0.012261
0 0.397375 0.583968 0.026637 0.010634
0 0.442856 0.594124 0.023029 0.014904
0 0.460190 0.594497 0.018507 0.011929
0 0.470831 0.594323 0.020790 0.015563
0 0.488829 0.590203 0.021683 0.018665
0 0.502818 0.589858 0.021179 0.009946
0 0.522841 0.587345 0.024499 0.015558
0 0.538688 0.587052 0.028952 0.014017
0 0.555672 0.588194 0.025842 0.012527
0 0.569150 0.589929 0.020066 0.012022
0 0.583084 0.589894 0.024418 0.013782
2 0.398740 0.636193 0.015547 0.031490
2 0.407322 0.615415 0.015481 0.042233
2 0.413967 0.641579 0.016673 0.030633
2 0.421242 0.614222 0.014594 0.033694
2 0.428105 0.643725 0.013517 0.040866
2 0.440425 0.645572 0.016081 0.040826
2 0.434909 0.618547 0.015722 0.037017
2 0.448967 0.620596 0.013738 0.037847
2 0.462261 0.621240 0.017157 0.038718
2 0.455710 0.645590 0.013222 0.040132
2 0.470496 0.645348 0.014222 0.042971
2 0.485479 0.645141 0.015373 0.044458
2 0.477338 0.619919 0.018174 0.039702
2 0.494199 0.616739 0.016027 0.038416
2 0.509275 0.616139 0.018482 0.043492
2 0.501829 0.643483 0.014366 0.039745
2 0.517461 0.642293 0.015507 0.042851
2 0.533660 0.641273 0.017650 0.041083
2 0.527452 0.615719 0.018431 0.040487
2 0.544881 0.611593 0.011726 0.041582
2 0.386364 0.636323 0.013519 0.036490
2 0.391452 0.611727 0.015400 0.037220
2 0.548174 0.642389 0.013560 0.040396
2 0.561553 0.642874 0.015028 0.041937
2 0.576882 0.640994 0.016236 0.042848
2 0.570849 0.617180 0.015306 0.035582
2 0.586424 0.615498 0.014788 0.035959
2 0.591588 0.640559 0.016003 0.038259
2 0.606581 0.639973 0.014672 0.044708
2 0.596339 0.671265 0.014407 0.053339
2 0.582933 0.669748 0.009981 0.042978
2 0.568548 0.671234 0.014362 0.041878
2 0.554473 0.669291 0.012924 0.038051
2 0.539254 0.672763 0.015322 0.037926
2 0.525162 0.673246 0.015299 0.043608
2 0.509259 0.671092 0.013274 0.034454
2 0.494761 0.672709 0.014010 0.036783
2 0.479586 0.673578 0.010859 0.041381
2 0.463164 0.676270 0.014146 0.040355
2 0.448145 0.675532 0.014361 0.037956
2 0.434660 0.675075 0.012441 0.038261
2 0.420946 0.675776 0.010170 0.038818
2 0.406184 0.674765 0.013458 0.041945
2 0.392759 0.672863 0.014152 0.041260
2 0.379827 0.673153 0.011497 0.041623
2 0.375756 0.705274 0.011103 0.044695
2 0.386151 0.702964 0.011177 0.036908
2 0.398224 0.700229 0.011205 0.034978
2 0.411312 0.699952 0.016512 0.037383
2 0.425544 0.703918 0.015147 0.045650
2 0.439804 0.703352 0.015241 0.039752
2 0.454287 0.701953 0.015035 0.044902
2 0.469328 0.702894 0.018367 0.047154
2 0.483493 0.703771 0.019174 0.044135
2 0.499874 0.700999 0.016911 0.048916
2 0.516753 0.700408 0.019761 0.046664
2 0.531783 0.701287 0.015130 0.045570
2 0.544851 0.700564 0.016799 0.050290
2 0.559010 0.699966 0.017025 0.046407
2 0.575832 0.702091 0.015302 0.042427
2 0.589591 0.701112 0.015939 0.042927
2 0.582002 0.733858 0.012634 0.045103
2 0.567982 0.730726 0.016659 0.051178
2 0.552503 0.732875 0.014722 0.043542
2 0.537595 0.730887 0.012498 0.041186
2 0.521832 0.731218 0.015164 0.044566
2 0.507526 0.731491 0.015226 0.042814
2 0.491833 0.732553 0.015455 0.037582
2 0.477423 0.730995 0.014551 0.034968
2 0.462958 0.733278 0.013237 0.041721
2 0.448477 0.734284 0.012122 0.046077
2 0.433656 0.736650 0.014835 0.046935
2 0.419035 0.736452 0.013156 0.044063
2 0.403747 0.735983 0.014808 0.039205
2 0.389253 0.737900 0.012381 0.043609
2 0.375815 0.745474 0.013353 0.039692
2 0.391140 0.766457 0.016675 0.042837
2 0.407047 0.764356 0.019210 0.045550
2 0.419546 0.765775 0.020632 0.043175
2 0.434494 0.766154 0.021346 0.047192
2 0.449086 0.764551 0.021926 0.047953
2 0.465110 0.762000 0.022255 0.053309
2 0.480321 0.764281 0.019288 0.046175
2 0.496788 0.764825 0.017960 0.044763
2 0.511060 0.762298 0.017626 0.044016
2 0.525087 0.761484 0.021574 0.045180
2 0.538879 0.762351 0.022819 0.051435
2 0.554740 0.764477 0.022897 0.045921
2 0.568896 0.765158 0.024380 0.043806
2 0.582187 0.770511 0.025679 0.045747
2 0.596063 0.737999 0.011994 0.051140
