0 0.154382 0.505056 0.047175 0.121802
0 0.141750 0.431571 0.052703 0.102910
0 0.126538 0.346849 0.043181 0.096013
0 0.124973 0.253862 0.031583 0.121143
0 0.161014 0.588881 0.043246 0.119820
0 0.164058 0.667485 0.044752 0.100866
0 0.179401 0.740385 0.057916 0.090072
0 0.176534 0.797458 0.043466 0.075811
3 0.231689 0.640651 0.098402 0.085539
3 0.220539 0.558388 0.078857 0.078287
3 0.213163 0.471181 0.090864 0.082439
3 0.206616 0.387836 0.107622 0.074428
3 0.195862 0.306153 0.093222 0.077194
3 0.229046 0.720623 0.094380 0.092233
3 0.192028 0.205228 0.125452 0.132972
3 0.250005 0.794692 0.091181 0.070316
3 0.277006 0.236170 0.111131 0.103844
3 0.279097 0.317413 0.117172 0.101152
3 0.297098 0.403473 0.123450 0.100974
3 0.300935 0.494647 0.107453 0.100583
3 0.300784 0.575853 0.114246 0.087776
3 0.308537 0.655323 0.100144 0.086315
3 0.315194 0.731212 0.105775 0.091399
3 0.373788 0.709523 0.088289 0.075297
3 0.371604 0.621982 0.089373 0.081451
3 0.366894 0.545730 0.091986 0.075919
3 0.361301 0.466297 0.085301 0.079221
3 0.349320 0.379553 0.105157 0.085623
3 0.345777 0.288417 0.093341 0.086016
3 0.349251 0.204504 0.077271 0.082243
3 0.416802 0.217470 0.103972 0.098568
3 0.420205 0.313788 0.094501 0.089892
3 0.424681 0.397194 0.092306 0.083879
3 0.432637 0.477450 0.099511 0.083454
3 0.446953 0.560123 0.116576 0.087823
3 0.445359 0.644823 0.093954 0.080521
3 0.453168 0.728290 0.103523 0.084597
3 0.445023 0.804761 0.070468 0.082002
3 0.529132 0.751820 0.107770 0.132570
3 0.522109 0.674034 0.099257 0.123870
3 0.513288 0.592261 0.094038 0.126078
3 0.506196 0.506446 0.088638 0.120398
3 0.495601 0.426596 0.107485 0.115394
3 0.479869 0.359435 0.095001 0.097076
3 0.491390 0.277199 0.107345 0.107592
3 0.489520 0.219420 0.092778 0.097482
3 0.364872 0.792808 0.097006 0.080092
