0 0.701569 0.861795 0.034631 0.042608
0 0.748355 0.837922 0.056799 0.042924
0 0.794299 0.820298 0.047284 0.047546
0 0.663146 0.867020 0.052425 0.036464
0 0.828258 0.818982 0.055456 0.031305
0 0.870168 0.826371 0.049742 0.036052
0 0.919143 0.828061 0.055907 0.042863
2 0.627454 0.794325 0.058422 0.117295
2 0.682196 0.795580 0.057616 0.114834
2 0.584943 0.806760 0.051850 0.128579
2 0.730738 0.774634 0.058405 0.106963
2 0.773957 0.758736 0.048165 0.111287
2 0.818031 0.744175 0.045071 0.104639
2 0.868909 0.749257 0.048444 0.114267
2 0.909835 0.763758 0.053863 0.102535
2 0.733455 0.690205 0.054375 0.113216
2 0.687273 0.695710 0.050965 0.123123
2 0.639934 0.708016 0.049610 0.142670
2 0.588460 0.703245 0.049288 0.129562
2 0.547389 0.732383 0.043159 0.117643
2 0.783436 0.675995 0.054941 0.125191
2 0.837868 0.663927 0.050436 0.126354
2 0.888693 0.673739 0.050937 0.114494
2 0.688627 0.596504 0.059950 0.126900
2 0.646727 0.607942 0.062261 0.136668
2 0.591097 0.618485 0.073976 0.136267
2 0.738988 0.587440 0.060677 0.125308
2 0.791072 0.582745 0.060702 0.129143
2 0.844043 0.573577 0.056745 0.120996
2 0.890904 0.561572 0.063609 0.114081
2 0.649377 0.509832 0.057338 0.126319
2 0.702382 0.505971 0.050560 0.115889
2 0.756504 0.492354 0.053060 0.134280
2 0.802513 0.487645 0.053307 0.124256
2 0.858546 0.481393 0.051201 0.119515
2 0.600855 0.521612 0.046932 0.124372
2 0.548931 0.510871 0.046215 0.131118
2 0.716951 0.399218 0.066224 0.133257
2 0.663531 0.402352 0.069547 0.128754
2 0.608138 0.411489 0.068997 0.141380
2 0.557288 0.423987 0.060591 0.115220
2 0.755274 0.384412 0.062517 0.122484
2 0.805113 0.378821 0.052643 0.128612
2 0.852720 0.368873 0.060843 0.114227
2 0.514091 0.396753 0.042678 0.139730
2 0.540785 0.304677 0.077799 0.126475
2 0.591610 0.310087 0.078574 0.143199
2 0.631136 0.305421 0.071060 0.140038
2 0.676031 0.305804 0.069246 0.146942
2 0.718291 0.297720 0.059671 0.131537
2 0.757968 0.291204 0.069167 0.138376
2 0.796715 0.281038 0.073181 0.131397
2 0.478578 0.319517 0.053576 0.100409
