0 0.702434 0.439338 0.027339 0.051531
0 0.702825 0.475643 0.023434 0.060119
0 0.702720 0.767509 0.028841 0.037477
0 0.700939 0.789851 0.021830 0.034113
0 0.699857 0.739523 0.022070 0.056931
0 0.697433 0.697591 0.018266 0.042779
0 0.703438 0.505531 0.022592 0.044475
0 0.704880 0.540741 0.028361 0.043242
0 0.702957 0.575335 0.016824 0.039399
0 0.703438 0.608968 0.018747 0.049008
0 0.698506 0.639544 0.028841 0.050481
0 0.698025 0.668868 0.029803 0.038918
0 0.702832 0.815412 0.020189 0.038918
0 0.700547 0.402306 0.026558 0.052702
0 0.700156 0.367562 0.034369 0.051921
0 0.697032 0.333403 0.032026 0.046065
0 0.697227 0.294170 0.036322 0.052702
0 0.724368 0.164780 0.019137 0.041381
0 0.707350 0.195815 0.025834 0.048798
0 0.701911 0.232706 0.030464 0.064804
0 0.696853 0.261204 0.035112 0.049188
1 0.652118 0.188841 0.088447 0.036516
1 0.641276 0.221002 0.086704 0.040614
1 0.641081 0.258862 0.073816 0.046065
1 0.637553 0.291337 0.097249 0.042161
1 0.637162 0.326862 0.082408 0.045284
1 0.638529 0.361021 0.085923 0.041771
1 0.643607 0.401230 0.089829 0.038648
1 0.639506 0.436560 0.082408 0.053873
1 0.650919 0.537497 0.078893 0.044894
1 0.641351 0.496312 0.097249 0.052311
1 0.646428 0.468594 0.087095 0.055434
1 0.647209 0.576535 0.087095 0.037086
1 0.644967 0.607241 0.082799 0.042161
1 0.647115 0.638472 0.077721 0.046065
1 0.646139 0.672435 0.081237 0.039819
1 0.646724 0.706984 0.078503 0.037086
1 0.645357 0.737043 0.086704 0.037086
1 0.644864 0.772157 0.091391 0.038648
1 0.646621 0.799094 0.089438 0.040209
1 0.634448 0.827397 0.087745 0.036696
1 0.566947 0.723164 0.072254 0.035915
1 0.566947 0.751662 0.076940 0.036696
1 0.564799 0.778208 0.073425 0.043723
1 0.553277 0.814904 0.082408 0.050750
1 0.570852 0.689786 0.076159 0.042552
1 0.574064 0.548539 0.064442 0.038648
1 0.577189 0.584649 0.067567 0.034354
1 0.566644 0.620174 0.093344 0.036696
1 0.560590 0.652576 0.092953 0.039819
1 0.563138 0.372875 0.074597 0.043333
1 0.559037 0.406058 0.089829 0.037867
1 0.557084 0.445877 0.093734 0.040209
1 0.550054 0.483158 0.105451 0.048408
1 0.555717 0.517902 0.102717 0.034354
1 0.560696 0.339411 0.074988 0.043333
1 0.559524 0.302910 0.072644 0.058557
1 0.564016 0.265824 0.075378 0.051531
1 0.567531 0.229908 0.078503 0.054654
1 0.572119 0.194053 0.067957 0.055825
1 0.590280 0.163017 0.093344 0.037477
1 0.671712 0.157552 0.092172 0.029669
1 0.478184 0.162353 0.123808 0.028888
1 0.489510 0.190655 0.088657 0.028498
1 0.484823 0.221496 0.083970 0.032402
1 0.483261 0.254580 0.083189 0.033379
1 0.481894 0.289422 0.092172 0.051921
1 0.480722 0.319091 0.091391 0.050359
1 0.487500 0.362500 0.096875 0.056250
1 0.480469 0.395313 0.070312 0.053125
1 0.482187 0.431225 0.068739 0.055434
1 0.487752 0.466722 0.074206 0.044113
1 0.503765 0.542456 0.084361 0.039429
1 0.494586 0.501661 0.071472 0.046065
1 0.505327 0.572320 0.084361 0.041381
1 0.495757 0.643260 0.076940 0.047067
1 0.498491 0.713249 0.077721 0.040600
1 0.497124 0.744284 0.078893 0.040209
1 0.501421 0.680066 0.066395 0.035915
1 0.502788 0.606088 0.084752 0.045675
1 0.491755 0.769628 0.079674 0.037086
1 0.479257 0.798516 0.088267 0.037867
1 0.475156 0.835212 0.094906 0.036306
1 0.404837 0.195281 0.083970 0.048408
1 0.396049 0.225536 0.091391 0.044113
1 0.391363 0.261842 0.089829 0.045675
1 0.392534 0.300490 0.089829 0.041771
1 0.392534 0.333672 0.086704 0.048017
1 0.399760 0.373882 0.089438 0.044113
1 0.413556 0.413570 0.076799 0.036203
1 0.416024 0.444477 0.078112 0.049344
1 0.425369 0.486329 0.073851 0.047658
1 0.418552 0.517256 0.086349 0.048266
1 0.427073 0.554449 0.070443 0.040884
1 0.424832 0.584544 0.073915 0.040884
1 0.431196 0.619392 0.068258 0.037957
1 0.428071 0.650622 0.077391 0.049489
1 0.421342 0.683535 0.085082 0.038438
1 0.417256 0.711642 0.077872 0.037957
1 0.419419 0.742633 0.078352 0.048047
1 0.419659 0.770740 0.068258 0.035074
1 0.415333 0.799088 0.067297 0.035074
1 0.397550 0.838623 0.071623 0.038784
1 0.356211 0.730209 0.081237 0.034594
1 0.350159 0.762400 0.065462 0.031711
1 0.343473 0.783301 0.076910 0.034114
1 0.336139 0.817341 0.071142 0.041801
1 0.353061 0.699434 0.078352 0.035074
1 0.363281 0.673438 0.060937 0.040625
1 0.392958 0.810423 0.079314 0.029309
1 0.365559 0.647543 0.069700 0.040840
1 0.352099 0.601658 0.074507 0.045164
1 0.353071 0.570928 0.086043 0.039879
1 0.352831 0.540178 0.076910 0.042762
1 0.350547 0.504044 0.080275 0.051410
1 0.349105 0.472814 0.081237 0.040840
1 0.341414 0.436538 0.077391 0.045164
1 0.331079 0.402184 0.069219 0.040840
1 0.325551 0.365428 0.072584 0.042281
1 0.320745 0.324108 0.069700 0.051891
1 0.320623 0.289438 0.075468 0.045645
1 0.313413 0.248839 0.073545 0.044203
1 0.309568 0.206077 0.090850 0.049969
1 0.321825 0.177020 0.064412 0.034089
1 0.258377 0.251762 0.065854 0.045164
1 0.255493 0.290920 0.068739 0.040840
1 0.253330 0.321670 0.074026 0.033153
1 0.255208 0.359387 0.070271 0.037477
1 0.262703 0.396384 0.072584 0.037477
1 0.270154 0.434101 0.072103 0.044684
1 0.275038 0.461968 0.064258 0.036996
1 0.279881 0.492952 0.072103 0.033153
1 0.282765 0.527065 0.072103 0.038918
1 0.280602 0.554933 0.068739 0.036035
1 0.288053 0.593370 0.074026 0.060059
1 0.288053 0.616673 0.071142 0.051891
1 0.295263 0.650546 0.076910 0.057176
1 0.285890 0.672888 0.066816 0.036516
1 0.287565 0.702306 0.076430 0.038438
1 0.285883 0.737380 0.068258 0.035555
1 0.281797 0.821463 0.074507 0.068227
1 0.282037 0.771974 0.068258 0.049008
