0 0.541737 0.807946 0.130868 0.047381
0 0.620033 0.818559 0.112036 0.052413
0 0.709965 0.832499 0.103839 0.043096
0 0.807163 0.831371 0.128239 0.031003
0 0.453057 0.803354 0.129045 0.042765
0 0.370790 0.802901 0.108801 0.044744
0 0.293244 0.789132 0.098810 0.059463
0 0.233771 0.793902 0.082388 0.044550
3 0.393818 0.731220 0.092299 0.102697
3 0.481545 0.740706 0.084016 0.082682
3 0.571756 0.745997 0.092798 0.095001
3 0.661503 0.749380 0.083326 0.111210
3 0.746313 0.758707 0.084187 0.097368
3 0.307387 0.735748 0.101000 0.097280
3 0.855791 0.758923 0.139428 0.128877
3 0.229954 0.717157 0.078237 0.095206
3 0.813480 0.671809 0.112076 0.117101
3 0.727662 0.671166 0.111910 0.121279
3 0.639129 0.656170 0.107065 0.129278
3 0.540957 0.654401 0.109803 0.112471
3 0.455486 0.657233 0.095890 0.120413
3 0.371124 0.650785 0.094419 0.103484
3 0.290812 0.646189 0.100940 0.108850
3 0.306459 0.584556 0.083553 0.091434
3 0.398244 0.584081 0.090182 0.092431
3 0.479583 0.586736 0.083000 0.095597
3 0.561562 0.589845 0.083207 0.087832
3 0.654865 0.600039 0.094163 0.109298
3 0.751242 0.601224 0.094193 0.096767
3 0.838780 0.594814 0.088366 0.079505
3 0.819353 0.525305 0.106738 0.108412
3 0.717448 0.524308 0.095691 0.099063
3 0.629849 0.521112 0.090954 0.095631
3 0.545335 0.515409 0.092170 0.102946
3 0.457563 0.503974 0.094926 0.122418
3 0.369083 0.507132 0.088895 0.096805
3 0.280782 0.501778 0.093809 0.107423
3 0.200536 0.512896 0.087937 0.075498
3 0.246077 0.423840 0.134972 0.114158
3 0.327999 0.428369 0.127298 0.103588
3 0.413332 0.435540 0.131578 0.098529
3 0.503753 0.439956 0.124732 0.092719
3 0.588715 0.448482 0.118712 0.113762
3 0.659458 0.462641 0.100797 0.100020
3 0.745153 0.448323 0.110754 0.112577
3 0.806733 0.448278 0.101842 0.096870
3 0.220447 0.596537 0.086635 0.101018
