0 0.602195 0.854018 0.102483 0.033313
0 0.521375 0.856066 0.097484 0.032548
0 0.452220 0.849021 0.094151 0.028316
0 0.384314 0.837778 0.094984 0.030814
0 0.309375 0.822656 0.075000 0.029687
0 0.671350 0.863158 0.099150 0.036602
0 0.737173 0.869008 0.092485 0.031647
0 0.822158 0.877753 0.122480 0.035811
0 0.249047 0.815292 0.096072 0.030814
0 0.201428 0.812954 0.100817 0.033824
3 0.668017 0.811128 0.072488 0.067458
3 0.586781 0.806547 0.099983 0.061629
3 0.516792 0.805298 0.089985 0.069124
3 0.450137 0.799052 0.091651 0.066625
3 0.379732 0.789891 0.074154 0.059963
3 0.727174 0.812793 0.075821 0.057464
3 0.790497 0.824869 0.092485 0.073288
3 0.862152 0.823620 0.090818 0.059130
3 0.880482 0.766988 0.077487 0.064127
3 0.810910 0.759493 0.063323 0.059130
3 0.746338 0.755329 0.072488 0.069124
3 0.675516 0.752830 0.079154 0.062461
3 0.606361 0.748666 0.072488 0.064127
3 0.533873 0.745335 0.085819 0.069124
3 0.465551 0.735758 0.075821 0.056632
3 0.392230 0.732426 0.087485 0.058297
3 0.330157 0.729512 0.086652 0.055799
3 0.313493 0.777399 0.056657 0.056632
3 0.246004 0.774067 0.071655 0.051635
3 0.192608 0.724017 0.058740 0.051843
3 0.262596 0.722143 0.067489 0.055591
3 0.188234 0.771800 0.063739 0.051218
0 0.151677 0.814898 0.091860 0.034978
3 0.134805 0.714023 0.061865 0.060587
3 0.267969 0.671094 0.079687 0.064062
3 0.206668 0.673111 0.074363 0.051218
3 0.336647 0.673736 0.090610 0.056215
3 0.220416 0.618458 0.079362 0.064335
3 0.293841 0.617521 0.083736 0.067458
3 0.149178 0.664991 0.074363 0.048720
3 0.161363 0.610338 0.067489 0.059338
3 0.361955 0.618770 0.087485 0.063711
3 0.425781 0.619531 0.082812 0.064062
3 0.414134 0.676859 0.079362 0.058714
3 0.478498 0.678733 0.080612 0.058714
3 0.494120 0.623142 0.081861 0.062461
3 0.550361 0.681231 0.081861 0.061212
3 0.560672 0.621327 0.078737 0.067341
3 0.374453 0.560993 0.071238 0.059338
3 0.305402 0.561305 0.069363 0.068707
3 0.239163 0.559119 0.078112 0.058089
3 0.173236 0.557870 0.078737 0.058089
3 0.632884 0.626857 0.076237 0.064960
3 0.697561 0.629668 0.075612 0.068083
3 0.763281 0.635938 0.089063 0.062500
3 0.616324 0.689006 0.080612 0.064335
3 0.572894 0.569080 0.082486 0.064335
3 0.439166 0.562522 0.074988 0.059963
3 0.508217 0.565020 0.080612 0.062461
3 0.645382 0.570017 0.081237 0.059963
3 0.711933 0.575639 0.081861 0.066209
3 0.786608 0.575326 0.092485 0.073080
3 0.841287 0.638100 0.091860 0.068707
3 0.687250 0.686820 0.072488 0.067458
3 0.754426 0.690880 0.070613 0.068083
3 0.820665 0.701498 0.073113 0.063086
3 0.890654 0.709930 0.078112 0.062461
3 0.899090 0.649968 0.069988 0.064960
3 0.907838 0.582822 0.056241 0.068083
3 0.858784 0.581572 0.079362 0.061837
3 0.870032 0.517862 0.070613 0.060587
3 0.799106 0.522234 0.088735 0.060587
3 0.736929 0.517237 0.076862 0.053092
3 0.666941 0.515051 0.078112 0.059963
3 0.596952 0.510991 0.079362 0.053092
3 0.522277 0.510679 0.067489 0.059963
3 0.451664 0.507243 0.077487 0.064335
3 0.385937 0.507031 0.071875 0.057813
3 0.316948 0.506884 0.078737 0.055591
3 0.254146 0.505322 0.071863 0.063711
3 0.118206 0.778778 0.079794 0.096094
3 0.092584 0.704145 0.032348 0.039681
3 0.101039 0.653808 0.049257 0.053643
3 0.106553 0.602002 0.032348 0.047030
3 0.125300 0.552401 0.050727 0.058052
3 0.131181 0.488470 0.059549 0.059522
3 0.188157 0.502799 0.076458 0.054378
3 0.269761 0.450625 0.067636 0.055848
3 0.337029 0.451728 0.074252 0.060992
3 0.282259 0.399187 0.067636 0.054378
3 0.214623 0.397349 0.073517 0.056583
3 0.148090 0.392206 0.052197 0.049234
3 0.201022 0.449523 0.088956 0.052174
3 0.135224 0.442175 0.052932 0.049234
3 0.351685 0.399476 0.069520 0.061681
3 0.409488 0.404161 0.083580 0.055434
3 0.400895 0.454520 0.067957 0.048408
3 0.469704 0.457281 0.070078 0.054877
3 0.538665 0.459289 0.076773 0.054431
3 0.484210 0.405527 0.079451 0.062907
3 0.556296 0.409766 0.067400 0.052646
3 0.621464 0.409989 0.078112 0.059338
3 0.608297 0.465312 0.076773 0.050415
3 0.695113 0.411327 0.078112 0.056661
3 0.684177 0.466427 0.078558 0.053538
3 0.755370 0.462858 0.076327 0.063354
3 0.767422 0.412443 0.072756 0.058892
3 0.825490 0.465283 0.089717 0.056661
3 0.829731 0.410183 0.073202 0.058892
3 0.888426 0.462829 0.067400 0.060677
3 0.898023 0.411298 0.070524 0.055769
3 0.851825 0.359545 0.076327 0.058446
3 0.784203 0.357537 0.076773 0.057107
3 0.711224 0.357983 0.064721 0.055323
3 0.637129 0.359768 0.079005 0.061569
3 0.902933 0.362891 0.060704 0.058892
3 0.564224 0.356414 0.079005 0.062461
3 0.494593 0.355522 0.070970 0.058000
3 0.426524 0.355299 0.072309 0.057554
3 0.360463 0.351283 0.076773 0.055769
3 0.300602 0.349598 0.080344 0.058446
3 0.227847 0.347813 0.079451 0.058446
3 0.159777 0.340006 0.069185 0.063354
3 0.338114 0.277272 0.120069 0.102169
3 0.261118 0.271472 0.130336 0.101277
3 0.205770 0.262995 0.118730 0.096815
3 0.404844 0.283072 0.108910 0.091461
3 0.465462 0.288307 0.114267 0.090123
3 0.526815 0.290092 0.099496 0.087446
3 0.593119 0.288753 0.103554 0.087446
3 0.665907 0.289090 0.123194 0.094138
3 0.731250 0.290625 0.096875 0.093750
3 0.808517 0.291321 0.095074 0.091461
3 0.862303 0.288784 0.083022 0.088505
3 0.906492 0.301136 0.052670 0.070938
