0 0.497212 0.433460 0.028120 0.013733
0 0.478186 0.437751 0.031879 0.015449
0 0.513687 0.427881 0.034294 0.017166
0 0.533370 0.424877 0.033569 0.012874
0 0.552363 0.420174 0.031396 0.023246
0 0.569872 0.419816 0.031798 0.016808
0 0.588891 0.415802 0.031597 0.019115
0 0.608916 0.414988 0.033811 0.018596
0 0.626041 0.416061 0.032238 0.017881
0 0.645645 0.414988 0.032000 0.017881
0 0.663355 0.417313 0.035622 0.023961
0 0.681770 0.420889 0.028981 0.031829
2 0.519558 0.395140 0.022541 0.055432
2 0.538476 0.391206 0.022138 0.060439
2 0.500238 0.398359 0.020125 0.056862
2 0.481320 0.402829 0.024151 0.057220
2 0.556992 0.383339 0.020125 0.055432
2 0.574702 0.380835 0.020528 0.055432
2 0.595733 0.381908 0.021534 0.056862
2 0.615356 0.377974 0.019723 0.056862
2 0.633368 0.377796 0.019924 0.056505
2 0.651481 0.376007 0.019119 0.055789
2 0.669837 0.381643 0.019928 0.056361
0 0.461614 0.444859 0.030298 0.014337
2 0.461696 0.410770 0.021242 0.056765
2 0.443583 0.414721 0.019266 0.061739
2 0.450499 0.367904 0.020912 0.062909
2 0.469847 0.366002 0.020089 0.060276
2 0.488866 0.361467 0.018607 0.060569
2 0.432711 0.378198 0.015478 0.064372
2 0.457740 0.321580 0.022394 0.068761
2 0.476347 0.320639 0.019760 0.069473
2 0.494213 0.317786 0.022559 0.065231
2 0.508456 0.355814 0.020748 0.062324
2 0.514961 0.315335 0.021571 0.065452
2 0.528051 0.353474 0.018113 0.059398
2 0.545753 0.350255 0.015314 0.051791
2 0.535461 0.310469 0.022065 0.065235
2 0.555056 0.307726 0.019101 0.059017
2 0.564328 0.344523 0.018113 0.056765
2 0.583840 0.346458 0.018607 0.055235
2 0.573961 0.306578 0.021900 0.058918
2 0.602758 0.344813 0.020254 0.051791
2 0.621777 0.339839 0.020418 0.052961
2 0.640878 0.339400 0.018442 0.059106
2 0.660061 0.343350 0.019266 0.059983
2 0.678421 0.344667 0.018772 0.060861
2 0.696534 0.347154 0.019760 0.064665
2 0.688795 0.382266 0.022394 0.053546
2 0.669837 0.300725 0.024457 0.063607
2 0.689042 0.298436 0.020912 0.057350
2 0.648535 0.300338 0.023217 0.059398
2 0.630010 0.302386 0.021736 0.060569
2 0.706990 0.296241 0.018607 0.050035
2 0.611595 0.303611 0.020583 0.062909
2 0.593318 0.304050 0.020583 0.059691
2 0.602045 0.264548 0.019595 0.053839
2 0.581791 0.265134 0.017948 0.055594
2 0.562279 0.268937 0.017784 0.055009
2 0.544330 0.268352 0.014820 0.059691
2 0.620816 0.262647 0.017948 0.059398
2 0.640576 0.261622 0.018278 0.056765
2 0.659924 0.261330 0.016796 0.060861
2 0.678119 0.258989 0.019266 0.056180
2 0.695985 0.254161 0.017125 0.060569
2 0.525091 0.271440 0.019430 0.054518
2 0.506402 0.276928 0.016302 0.055246
2 0.486148 0.275144 0.020254 0.060569
2 0.467459 0.280586 0.017454 0.056707
2 0.450499 0.286409 0.016796 0.058520
2 0.438396 0.326349 0.022559 0.063495
2 0.427858 0.290945 0.016631 0.054717
2 0.452887 0.244275 0.021242 0.059691
2 0.436009 0.251004 0.018772 0.062617
2 0.472893 0.239447 0.022065 0.056472
2 0.492241 0.239008 0.022559 0.056765
2 0.511836 0.235643 0.022888 0.057643
2 0.529949 0.231985 0.019595 0.058520
2 0.549379 0.231546 0.023217 0.063495
2 0.569139 0.231985 0.022888 0.056180
2 0.590627 0.228035 0.020748 0.055887
2 0.606987 0.227374 0.021900 0.047694
2 0.627981 0.227316 0.022394 0.048981
2 0.648482 0.224594 0.022888 0.055594
2 0.667171 0.220644 0.021736 0.054131
2 0.687047 0.217391 0.020833 0.053140
2 0.705385 0.207763 0.018772 0.055302
2 0.701157 0.178859 0.016988 0.043890
2 0.687970 0.178127 0.033427 0.057643
2 0.667963 0.183394 0.035238 0.055887
2 0.648368 0.186027 0.038202 0.057057
2 0.624904 0.191002 0.027499 0.057057
2 0.608108 0.191294 0.031121 0.054717
2 0.586949 0.191587 0.029639 0.055302
2 0.567456 0.192389 0.030957 0.053546
2 0.545474 0.192975 0.027828 0.053546
2 0.526455 0.192536 0.028651 0.055594
2 0.506449 0.194584 0.025193 0.053839
2 0.487266 0.197656 0.028651 0.056472
2 0.467330 0.203868 0.027993 0.052083
2 0.446829 0.206356 0.031780 0.058813
