0 0.773369 0.559504 0.016619 0.028929
0 0.774441 0.579332 0.026268 0.033978
0 0.770957 0.604529 0.021444 0.036747
0 0.766668 0.625434 0.026805 0.035995
0 0.768276 0.647868 0.021444 0.027565
0 0.763183 0.666844 0.020908 0.028902
0 0.761843 0.688971 0.023588 0.024933
0 0.768907 0.707287 0.026237 0.034114
0 0.775671 0.538602 0.024187 0.030829
0 0.779565 0.514276 0.024597 0.036572
0 0.782230 0.495903 0.021727 0.036035
0 0.785920 0.472168 0.018448 0.027944
0 0.788789 0.456621 0.022547 0.025884
2 0.756813 0.465976 0.047145 0.022700
2 0.752304 0.487180 0.048784 0.022677
2 0.748306 0.509314 0.047042 0.022370
2 0.760103 0.444708 0.051430 0.019857
2 0.746129 0.528662 0.044429 0.020755
2 0.743224 0.549967 0.050817 0.030547
2 0.738287 0.573920 0.053140 0.022713
2 0.738433 0.596311 0.046461 0.024470
2 0.736132 0.619298 0.045328 0.023178
2 0.736568 0.644119 0.049686 0.024795
2 0.734388 0.663552 0.048815 0.022690
2 0.737875 0.682819 0.045328 0.020893
2 0.736568 0.700586 0.046199 0.021308
2 0.732645 0.721714 0.047071 0.020999
2 0.697342 0.698119 0.046199 0.025505
2 0.698213 0.719179 0.044456 0.021012
2 0.697777 0.677821 0.048815 0.023289
2 0.690434 0.657512 0.064465 0.026076
2 0.694645 0.634707 0.063013 0.024971
2 0.696242 0.612465 0.065627 0.025193
2 0.698129 0.589892 0.066498 0.024450
2 0.699726 0.570117 0.060400 0.022635
2 0.702775 0.547583 0.063013 0.028867
2 0.707130 0.526226 0.059703 0.025931
2 0.708291 0.503420 0.068066 0.025167
2 0.711892 0.480289 0.063652 0.025185
2 0.667173 0.494495 0.062490 0.020854
2 0.661830 0.518241 0.059703 0.020098
2 0.661946 0.541639 0.058541 0.023011
2 0.658578 0.564220 0.054127 0.020242
2 0.656255 0.584476 0.049481 0.020550
2 0.667289 0.475110 0.058077 0.017901
2 0.655531 0.605522 0.052269 0.020836
2 0.651117 0.627739 0.057844 0.019881
2 0.650304 0.648154 0.058541 0.021858
2 0.648562 0.671459 0.057380 0.022359
2 0.646007 0.691884 0.055057 0.020902
2 0.713273 0.458125 0.062490 0.023345
2 0.665418 0.455170 0.058774 0.020757
2 0.712925 0.437913 0.067369 0.025573
2 0.617027 0.448317 0.061704 0.024842
2 0.617652 0.471535 0.063420 0.025376
2 0.616839 0.491577 0.071086 0.025969
2 0.616375 0.513785 0.066904 0.026662
2 0.616199 0.536183 0.068995 0.026780
2 0.613992 0.558298 0.070621 0.026591
2 0.611785 0.579522 0.064814 0.024224
2 0.608184 0.601465 0.067833 0.027906
2 0.606889 0.625030 0.067137 0.026305
2 0.602359 0.646743 0.067833 0.026991
2 0.600501 0.668556 0.065046 0.026222
2 0.599804 0.690842 0.065046 0.025992
2 0.599106 0.711934 0.066440 0.027962
2 0.646728 0.713515 0.055289 0.020098
2 0.646264 0.734113 0.052966 0.018616
2 0.597247 0.734353 0.061794 0.024387
2 0.696292 0.741439 0.057380 0.023144
2 0.600233 0.751435 0.052037 0.020936
2 0.556674 0.704185 0.055521 0.022874
2 0.555978 0.725777 0.053663 0.020923
2 0.552261 0.747047 0.054127 0.019796
2 0.558533 0.679591 0.049946 0.017652
2 0.562831 0.659611 0.046926 0.019433
2 0.565281 0.636091 0.050875 0.022100
2 0.567604 0.613916 0.049481 0.018191
2 0.568301 0.591117 0.057844 0.020961
2 0.572134 0.568609 0.054360 0.019659
2 0.574399 0.547540 0.053198 0.019712
2 0.573515 0.526869 0.053430 0.021383
2 0.574908 0.505674 0.052966 0.021154
2 0.574095 0.482414 0.057844 0.019944
2 0.576651 0.460980 0.066207 0.019962
2 0.523104 0.477770 0.073409 0.031458
2 0.528331 0.501542 0.070389 0.032327
2 0.526124 0.524844 0.073873 0.034628
2 0.526572 0.546556 0.075301 0.032739
2 0.521877 0.590586 0.073641 0.034346
2 0.521994 0.568813 0.072944 0.035489
2 0.520251 0.611562 0.072712 0.034790
2 0.518625 0.634685 0.075964 0.034366
2 0.519671 0.657384 0.070157 0.033579
2 0.513415 0.683261 0.075837 0.037819
2 0.512060 0.707082 0.074338 0.044256
2 0.507994 0.731112 0.073641 0.039089
2 0.504394 0.750697 0.072944 0.037765
2 0.510898 0.765673 0.054824 0.020998
2 0.550971 0.766024 0.042977 0.022326
2 0.643294 0.754601 0.045402 0.023468
