0 0.443991 0.475676 0.050256 0.066097
0 0.375484 0.475940 0.058191 0.062395
0 0.436585 0.558958 0.034386 0.051820
0 0.475996 0.607869 0.039147 0.046003
0 0.460286 0.585703 0.036039 0.050564
0 0.484423 0.625030 0.036039 0.044615
0 0.406911 0.534888 0.049934 0.067791
0 0.392828 0.502892 0.058191 0.050894
0 0.349846 0.444496 0.054224 0.048053
0 0.330486 0.418501 0.055877 0.049903
0 0.461533 0.512058 0.049595 0.050233
0 0.511459 0.564109 0.040998 0.051886
0 0.408359 0.442177 0.051248 0.052547
0 0.388356 0.408303 0.051579 0.043624
0 0.519641 0.484070 0.049926 0.054616
0 0.495836 0.446604 0.061167 0.040319
0 0.464095 0.419855 0.054554 0.047548
0 0.490410 0.535714 0.059524 0.054894
0 0.538983 0.524928 0.051579 0.054199
0 0.441021 0.387476 0.050256 0.042632
0 0.365687 0.387061 0.044204 0.034870
0 0.474888 0.353381 0.036085 0.049354
0 0.500535 0.379373 0.047611 0.050908
0 0.526820 0.406564 0.054554 0.044114
0 0.544940 0.437511 0.053893 0.055521
0 0.571225 0.475847 0.056208 0.053538
0 0.588914 0.507739 0.049926 0.050564
0 0.616192 0.454200 0.055546 0.065105
0 0.538753 0.346688 0.050256 0.048315
0 0.569612 0.379691 0.062600 0.053694
0 0.588128 0.418259 0.047611 0.055874
0 0.634416 0.489170 0.044084 0.048888
0 0.513393 0.316799 0.051257 0.050926
0 0.485411 0.300407 0.044084 0.043935
0 0.599369 0.327222 0.045407 0.044064
0 0.618987 0.363823 0.044966 0.048414
0 0.639266 0.397598 0.047611 0.053132
0 0.661528 0.433743 0.046289 0.046057
0 0.675856 0.468289 0.039676 0.045705
0 0.685334 0.493249 0.037472 0.037204
0 0.602014 0.527494 0.033945 0.040980
0 0.643013 0.529778 0.036590 0.045226
0 0.415317 0.371286 0.044084 0.039658
0 0.556513 0.558526 0.041439 0.052877
0 0.521907 0.588772 0.040117 0.036450
