0 0.585633 0.245421 0.058138 0.041641
0 0.542485 0.247940 0.065950 0.037381
0 0.499910 0.243964 0.064251 0.033840
0 0.454195 0.243357 0.066696 0.041047
0 0.406607 0.241149 0.056929 0.031269
0 0.630122 0.242102 0.068054 0.032550
0 0.669355 0.248581 0.052463 0.033692
0 0.711366 0.246341 0.060638 0.040653
0 0.356675 0.249559 0.048570 0.046078
0 0.315372 0.251290 0.051435 0.034251
2 0.366150 0.305145 0.056651 0.109572
2 0.323208 0.315065 0.056445 0.114006
2 0.279106 0.319257 0.059519 0.105503
0 0.272649 0.262134 0.045910 0.033063
2 0.413059 0.311318 0.060969 0.111690
2 0.462512 0.303268 0.059737 0.114954
2 0.507253 0.304798 0.053140 0.102536
2 0.551125 0.306850 0.057133 0.108430
2 0.595458 0.306427 0.062574 0.116325
2 0.641877 0.306357 0.059711 0.110440
2 0.687067 0.310831 0.058147 0.107893
2 0.740691 0.312116 0.053752 0.109764
2 0.583747 0.382368 0.042735 0.117323
2 0.626048 0.382650 0.041368 0.122927
2 0.670227 0.377873 0.048462 0.105149
2 0.716111 0.383250 0.046787 0.097698
2 0.534590 0.379544 0.048301 0.104619
2 0.485587 0.378507 0.042693 0.110054
2 0.442957 0.386450 0.045441 0.118210
2 0.395924 0.386733 0.043475 0.100703
2 0.351136 0.389214 0.041338 0.119590
2 0.303775 0.390963 0.045702 0.102121
2 0.252861 0.396135 0.035932 0.101051
2 0.324568 0.472961 0.061669 0.113340
2 0.370301 0.472706 0.062196 0.112920
2 0.274724 0.465121 0.065842 0.120507
2 0.418467 0.476631 0.055911 0.109491
2 0.467379 0.479501 0.057060 0.109804
2 0.511274 0.469300 0.053582 0.125301
2 0.556852 0.467239 0.055890 0.112394
2 0.609661 0.467887 0.059245 0.109351
2 0.655216 0.468253 0.059489 0.100105
2 0.697056 0.464588 0.064480 0.108830
2 0.749095 0.459338 0.063029 0.120684
2 0.746785 0.528617 0.073205 0.098229
2 0.706579 0.533596 0.084776 0.116931
2 0.656755 0.541706 0.079835 0.101161
2 0.610570 0.541026 0.079104 0.109875
2 0.564782 0.542714 0.090220 0.114037
2 0.511874 0.550476 0.070553 0.110315
2 0.462014 0.549735 0.070324 0.109543
2 0.422192 0.552672 0.067274 0.112914
2 0.377625 0.553709 0.081676 0.118002
2 0.330480 0.556492 0.091218 0.113791
2 0.279707 0.553601 0.107327 0.120947
