0 0.482871 0.508078 0.030598 0.016855
0 0.462959 0.514666 0.028990 0.019499
0 0.439916 0.521443 0.028648 0.018749
0 0.415332 0.527533 0.032426 0.024819
0 0.396149 0.530467 0.031609 0.017068
0 0.374988 0.534059 0.030189 0.016265
0 0.349374 0.535226 0.031562 0.016466
0 0.330851 0.533897 0.033522 0.014522
0 0.311218 0.538531 0.030597 0.019471
0 0.289606 0.535660 0.029477 0.027075
0 0.267964 0.533866 0.034487 0.031952
0 0.505158 0.500583 0.030233 0.015448
0 0.524524 0.491326 0.025741 0.015537
2 0.521118 0.533258 0.023716 0.061696
2 0.500573 0.537958 0.026184 0.050624
2 0.478461 0.546101 0.021159 0.050549
2 0.454996 0.549054 0.025547 0.049864
2 0.433251 0.561944 0.022581 0.062336
2 0.411224 0.571624 0.021522 0.066030
2 0.391926 0.575716 0.021463 0.058254
2 0.367407 0.574025 0.023701 0.072763
2 0.346034 0.580834 0.022705 0.069145
2 0.324616 0.584160 0.023735 0.064659
2 0.303631 0.584191 0.021765 0.068757
2 0.543764 0.528363 0.023371 0.061065
2 0.282698 0.581081 0.021866 0.063863
2 0.261322 0.579907 0.023496 0.064074
2 0.237074 0.572952 0.020041 0.061717
2 0.252357 0.617139 0.024555 0.060046
2 0.275595 0.624305 0.021014 0.063095
2 0.296490 0.627678 0.018951 0.061293
2 0.316360 0.624104 0.020999 0.060212
2 0.339508 0.622040 0.021458 0.058670
2 0.363222 0.617528 0.025010 0.058014
2 0.382912 0.617788 0.021097 0.062772
2 0.407008 0.616552 0.019696 0.059950
2 0.427229 0.611589 0.017318 0.057585
2 0.448433 0.604684 0.022049 0.066080
2 0.471493 0.600300 0.022953 0.063992
2 0.494038 0.593791 0.018238 0.065412
2 0.513999 0.586813 0.020844 0.066214
2 0.536594 0.581151 0.022190 0.074726
2 0.559731 0.573160 0.017978 0.074935
2 0.566326 0.633116 0.015833 0.046214
2 0.553059 0.624679 0.020295 0.059953
2 0.530781 0.628587 0.027005 0.053834
2 0.509523 0.638647 0.023336 0.073862
2 0.487475 0.646886 0.022297 0.071570
2 0.464949 0.649724 0.026058 0.068290
2 0.442725 0.658429 0.026361 0.072899
2 0.419900 0.662573 0.022745 0.067950
2 0.397822 0.665832 0.025643 0.065061
2 0.375872 0.664354 0.022344 0.067496
2 0.353399 0.669219 0.022018 0.078870
2 0.330453 0.669794 0.018938 0.067134
2 0.309648 0.673109 0.023153 0.067499
2 0.287164 0.675946 0.021305 0.074614
2 0.265573 0.677313 0.021205 0.070445
2 0.246221 0.682083 0.022271 0.067219
2 0.257339 0.727969 0.021774 0.069996
2 0.279516 0.721920 0.023549 0.063409
2 0.299998 0.722623 0.023475 0.063106
2 0.322540 0.716594 0.019480 0.058424
2 0.344627 0.717552 0.017256 0.063700
2 0.366920 0.716405 0.017686 0.059142
2 0.389312 0.711149 0.017109 0.064758
2 0.413210 0.706231 0.021273 0.059506
2 0.433892 0.705369 0.019369 0.063613
2 0.454830 0.699721 0.023454 0.063619
2 0.477059 0.695209 0.020369 0.058042
2 0.500208 0.695598 0.020987 0.065757
2 0.522550 0.689153 0.018364 0.062020
2 0.542178 0.683068 0.019143 0.059335
2 0.565124 0.686447 0.016976 0.062735
2 0.562747 0.723112 0.025974 0.072285
2 0.538764 0.727393 0.021720 0.067507
2 0.517688 0.740076 0.024900 0.068046
2 0.495807 0.738673 0.022216 0.058709
2 0.473208 0.743882 0.022831 0.066119
2 0.453171 0.747136 0.023050 0.067535
2 0.427593 0.750270 0.025527 0.068787
2 0.404770 0.748557 0.021544 0.063159
2 0.383346 0.753077 0.023907 0.063743
2 0.362907 0.757002 0.022642 0.057714
2 0.339441 0.758195 0.024210 0.052024
2 0.316674 0.759572 0.025802 0.064663
2 0.292002 0.764777 0.025978 0.059540
2 0.270690 0.772181 0.022346 0.062618
2 0.250822 0.782094 0.021424 0.061313
2 0.272680 0.814887 0.039375 0.067946
2 0.296200 0.809218 0.036866 0.062703
2 0.257412 0.817745 0.025614 0.053916
2 0.319311 0.804204 0.039046 0.064717
2 0.345327 0.798143 0.030204 0.064273
2 0.364821 0.798617 0.033984 0.062534
2 0.387523 0.797049 0.034888 0.062105
2 0.411147 0.796631 0.033653 0.064778
2 0.436100 0.794144 0.034329 0.062677
2 0.458257 0.791702 0.030617 0.064024
2 0.480249 0.789364 0.032506 0.062077
2 0.505887 0.782950 0.026388 0.060197
2 0.528489 0.777437 0.034712 0.062386
2 0.550645 0.773498 0.033781 0.065379
