0 0.079921 0.910996 0.159841 0.114028
0 0.099244 0.813261 0.198489 0.207195
0 0.116795 0.680668 0.233590 0.202512
0 0.161278 0.565182 0.265373 0.224583
0 0.199242 0.439802 0.248292 0.220938
0 0.217697 0.304339 0.224977 0.187388
0 0.256278 0.189671 0.222740 0.200399
0 0.307950 0.092628 0.238502 0.156158
0 0.749980 0.639870 0.244133 0.190793
0 0.729833 0.759604 0.191989 0.191969
0 0.689202 0.881821 0.207331 0.236359
0 0.596685 0.951017 0.109361 0.097967
0 0.778820 0.516908 0.226143 0.153361
0 0.825344 0.413641 0.184964 0.184817
0 0.849610 0.293864 0.170749 0.169626
0 0.882871 0.178327 0.194370 0.152185
