1 0.396111 0.452931 0.042850 0.138307
1 0.347012 0.446685 0.046421 0.132953
1 0.400574 0.458285 0.039279 0.127600
1 0.443871 0.470331 0.036601 0.130276
1 0.486721 0.482823 0.050884 0.142769
1 0.530910 0.495762 0.039279 0.122246
1 0.579563 0.512715 0.040172 0.131169
1 0.624644 0.536361 0.037494 0.130276
1 0.671065 0.554654 0.049992 0.118677
1 0.719718 0.567146 0.041957 0.124030
1 0.762122 0.578746 0.044635 0.134738
1 0.293003 0.449808 0.054455 0.123138
1 0.245689 0.452931 0.050884 0.104400
1 0.658121 0.439100 0.054455 0.121353
1 0.608129 0.411612 0.056241 0.144206
1 0.560816 0.390916 0.052670 0.137415
1 0.368883 0.319978 0.056241 0.172215
1 0.287200 0.323993 0.069631 0.149907
1 0.414411 0.323547 0.049099 0.165076
1 0.522429 0.254393 0.074095 0.137415
1 0.565726 0.279378 0.062490 0.135630
1 0.608129 0.296778 0.059811 0.129384
1 0.650533 0.320125 0.057133 0.130874
1 0.691972 0.334957 0.052197 0.132782
1 0.457084 0.363626 0.035288 0.123943
1 0.496784 0.375261 0.045581 0.127127
1 0.730741 0.356712 0.055673 0.123787
1 0.773916 0.359941 0.053400 0.123007
1 0.809421 0.364414 0.058513 0.122010
1 0.696372 0.457218 0.063058 0.110159
1 0.747500 0.466303 0.059649 0.134008
1 0.794083 0.478228 0.057377 0.106752
1 0.843506 0.498670 0.049424 0.113566
1 0.260474 0.557969 0.053968 0.143661
1 0.309613 0.557685 0.064762 0.144229
1 0.359889 0.568190 0.072147 0.155018
1 0.406472 0.576708 0.066466 0.144797
1 0.457600 0.591755 0.072147 0.146500
1 0.498786 0.601408 0.061353 0.152178
1 0.544233 0.611061 0.057945 0.143093
1 0.585988 0.628664 0.061922 0.152179
1 0.636263 0.643995 0.060217 0.140822
1 0.680290 0.660747 0.065330 0.155018
1 0.729146 0.678349 0.063058 0.140254
1 0.779421 0.695100 0.073851 0.144229
1 0.813245 0.587990 0.048287 0.134576
1 0.820062 0.716320 0.072147 0.131169
1 0.688834 0.777930 0.049424 0.122651
1 0.633162 0.762030 0.065330 0.144229
1 0.599928 0.746983 0.054536 0.130033
1 0.551925 0.733639 0.049424 0.131737
1 0.512727 0.716604 0.044879 0.137415
1 0.465576 0.712629 0.044879 0.120380
1 0.423537 0.698149 0.048287 0.144797
1 0.741666 0.789002 0.049424 0.117541
1 0.331599 0.682924 0.055673 0.120380
1 0.288992 0.672703 0.048856 0.138551
1 0.249226 0.666741 0.051128 0.117541
1 0.213291 0.334555 0.069875 0.135711
3 0.255045 0.331716 0.059081 0.148204
0 0.579476 0.822780 0.061353 0.051673
0 0.539881 0.809720 0.066693 0.044859
0 0.500228 0.799783 0.066466 0.042019
0 0.451089 0.787859 0.074988 0.037477
0 0.414163 0.780193 0.067034 0.038045
0 0.369531 0.771875 0.051562 0.034375
0 0.326847 0.764836 0.060778 0.036644
0 0.289748 0.755259 0.050825 0.035811
0 0.249129 0.740060 0.047076 0.052051
1 0.380271 0.692927 0.049575 0.134084
0 0.620682 0.839459 0.055407 0.049136
0 0.665050 0.857572 0.078320 0.045389
0 0.724831 0.866942 0.078737 0.038310
