0 0.472387 0.524506 0.036079 0.020961
0 0.491447 0.523926 0.026032 0.021110
0 0.507815 0.524545 0.022688 0.016948
0 0.435173 0.521971 0.028347 0.021696
0 0.454645 0.523584 0.032562 0.013692
0 0.525274 0.522064 0.025770 0.014492
0 0.538579 0.526210 0.020151 0.009470
0 0.392005 0.521150 0.019924 0.020302
0 0.405752 0.520226 0.019744 0.018386
0 0.421358 0.520747 0.023842 0.013057
0 0.377101 0.520883 0.023054 0.020042
0 0.363394 0.524228 0.017685 0.018018
0 0.350361 0.527778 0.022905 0.019647
0 0.335237 0.531087 0.025579 0.023594
2 0.383003 0.491804 0.022225 0.044586
2 0.397216 0.492802 0.018054 0.044388
2 0.412024 0.493397 0.021127 0.044991
2 0.367605 0.495912 0.016733 0.046433
2 0.353994 0.496089 0.018328 0.044924
2 0.339584 0.500211 0.017631 0.045743
2 0.325392 0.501749 0.018278 0.044188
2 0.430484 0.495583 0.017395 0.042680
2 0.446028 0.495696 0.021208 0.043439
2 0.464931 0.494863 0.024636 0.043334
2 0.483315 0.496293 0.017580 0.040348
2 0.497883 0.497507 0.015398 0.036404
2 0.514129 0.498709 0.022311 0.041594
2 0.532300 0.498419 0.021712 0.042298
2 0.515319 0.468535 0.016552 0.045526
2 0.530623 0.468925 0.015804 0.037527
2 0.545593 0.471848 0.015998 0.042299
2 0.498644 0.469300 0.014884 0.039286
2 0.483287 0.464428 0.015098 0.045402
2 0.466770 0.466212 0.017769 0.042368
2 0.450247 0.468050 0.015546 0.044720
2 0.485296 0.435748 0.019776 0.046632
2 0.501106 0.438796 0.019783 0.052830
2 0.516236 0.437872 0.018707 0.053204
2 0.531392 0.435315 0.017172 0.057522
2 0.489060 0.371546 0.022112 0.050125
2 0.472778 0.372417 0.018733 0.051511
2 0.487308 0.403564 0.014131 0.043945
2 0.502596 0.405707 0.012715 0.043719
2 0.517852 0.404140 0.013006 0.042170
2 0.532736 0.396560 0.016253 0.050946
2 0.455537 0.401648 0.015918 0.043630
2 0.470533 0.403654 0.014055 0.048085
2 0.458621 0.370249 0.016376 0.047948
2 0.503520 0.367741 0.019157 0.056340
2 0.467294 0.436881 0.023224 0.046431
2 0.454342 0.434228 0.016818 0.047601
2 0.438274 0.434243 0.022917 0.047301
2 0.420766 0.433034 0.020984 0.045498
2 0.403656 0.431013 0.017290 0.048940
2 0.433117 0.466385 0.014572 0.041581
2 0.417648 0.466330 0.014841 0.037922
2 0.400814 0.463343 0.015040 0.038075
2 0.372165 0.432624 0.017101 0.046527
2 0.385083 0.465345 0.015568 0.037339
2 0.370761 0.469172 0.014191 0.029871
2 0.358573 0.431069 0.018067 0.044395
2 0.387791 0.432855 0.018742 0.045147
2 0.356189 0.465410 0.014953 0.038803
2 0.342921 0.433250 0.019952 0.046170
2 0.342548 0.465388 0.013233 0.046215
2 0.328329 0.469569 0.012821 0.042326
2 0.313040 0.472984 0.014636 0.050675
2 0.329131 0.435599 0.018646 0.047897
2 0.313140 0.437108 0.021976 0.049924
2 0.315299 0.403792 0.013365 0.042786
2 0.330351 0.404098 0.013124 0.045488
2 0.345198 0.403691 0.013488 0.044793
2 0.359973 0.400087 0.013283 0.041982
2 0.375958 0.403101 0.015358 0.043630
2 0.391688 0.400391 0.017061 0.042926
2 0.300751 0.401298 0.015633 0.048324
2 0.316860 0.371352 0.021284 0.049437
2 0.331826 0.371796 0.018765 0.047346
2 0.347187 0.372742 0.021534 0.047951
2 0.300492 0.371194 0.018788 0.041753
2 0.407744 0.400779 0.014728 0.041743
2 0.424071 0.402419 0.016451 0.044844
2 0.440044 0.403859 0.015030 0.041960
2 0.426130 0.369445 0.018954 0.049660
2 0.442077 0.369961 0.022608 0.045144
2 0.410705 0.368653 0.020637 0.046113
2 0.394068 0.368607 0.019004 0.042996
2 0.380120 0.369262 0.019205 0.043573
2 0.363778 0.370169 0.018109 0.047091
2 0.516208 0.370880 0.015728 0.042049
2 0.524138 0.363585 0.018050 0.046418
2 0.498873 0.329976 0.025965 0.040144
2 0.483564 0.335521 0.028237 0.042221
2 0.470056 0.336532 0.026547 0.043653
2 0.454691 0.335867 0.027613 0.049711
2 0.440040 0.336702 0.026494 0.044809
2 0.423956 0.336960 0.025381 0.045065
2 0.407258 0.335182 0.025842 0.046164
2 0.391800 0.335015 0.028494 0.046955
2 0.376410 0.336259 0.029759 0.047041
2 0.359728 0.337892 0.027844 0.043672
2 0.341956 0.338628 0.029196 0.044488
2 0.324340 0.337872 0.033398 0.042091
2 0.310118 0.342313 0.027429 0.045702
2 0.292345 0.340227 0.028418 0.042872
