1 0.624691 0.511829 0.054752 0.081627
1 0.582799 0.503226 0.066731 0.074045
1 0.546158 0.498485 0.061035 0.077796
1 0.507496 0.491659 0.058290 0.074193
1 0.466217 0.477562 0.059459 0.070415
1 0.431982 0.473867 0.051613 0.072399
1 0.390707 0.469265 0.057829 0.074991
1 0.352923 0.462679 0.053725 0.072947
1 0.310765 0.453256 0.061327 0.070426
1 0.269833 0.448295 0.059252 0.070081
1 0.661580 0.519347 0.052329 0.078742
1 0.701583 0.521149 0.060054 0.073920
1 0.733605 0.526586 0.045218 0.072708
1 0.818174 0.583747 0.117268 0.042894
1 0.811266 0.557435 0.110570 0.042161
1 0.796131 0.544286 0.089876 0.055240
1 0.772431 0.533432 0.067595 0.063575
1 0.821844 0.615045 0.112416 0.044792
1 0.819235 0.641116 0.102689 0.037605
1 0.813523 0.667041 0.100405 0.043336
1 0.815851 0.698885 0.091920 0.041021
1 0.805787 0.725013 0.094444 0.039060
1 0.797372 0.752305 0.105464 0.040912
1 0.788832 0.778689 0.099728 0.044165
1 0.780194 0.804735 0.096410 0.036250
1 0.703284 0.803138 0.093677 0.045420
1 0.701089 0.828100 0.101694 0.034882
1 0.693033 0.855339 0.097037 0.035506
1 0.706471 0.772008 0.095791 0.042461
1 0.713055 0.742749 0.091159 0.042066
1 0.725646 0.718500 0.102902 0.038756
1 0.732918 0.690955 0.095425 0.045325
1 0.735312 0.661209 0.098458 0.049882
1 0.731976 0.631834 0.107518 0.042652
1 0.638685 0.888137 0.046545 0.044902
1 0.675218 0.894935 0.080204 0.066322
1 0.691990 0.884675 0.079374 0.052442
1 0.598129 0.882159 0.045019 0.049458
1 0.564390 0.872797 0.056955 0.058903
1 0.523654 0.862653 0.059175 0.051408
1 0.493990 0.855531 0.072773 0.051104
1 0.454391 0.845959 0.079639 0.052078
1 0.407432 0.836005 0.053736 0.049727
1 0.369465 0.824493 0.055976 0.046787
1 0.606759 0.949627 0.065071 0.072498
1 0.646726 0.954384 0.057878 0.074737
1 0.562944 0.940634 0.058244 0.069872
1 0.522206 0.927427 0.062059 0.066827
1 0.475592 0.916932 0.062318 0.072254
1 0.441078 0.908823 0.049352 0.070857
1 0.401713 0.900982 0.052253 0.071724
1 0.364871 0.886455 0.055478 0.077205
1 0.323255 0.873369 0.051247 0.081185
1 0.285433 0.868165 0.059098 0.082157
1 0.247928 0.864973 0.050084 0.072689
1 0.212985 0.858606 0.053689 0.074528
1 0.171808 0.853828 0.062409 0.070797
1 0.137611 0.847728 0.090385 0.059172
1 0.128999 0.828606 0.105673 0.046486
1 0.126371 0.797795 0.111907 0.051507
1 0.128802 0.770231 0.100788 0.040341
1 0.135592 0.744124 0.099133 0.043631
1 0.148702 0.721222 0.105582 0.040946
1 0.150005 0.696598 0.095742 0.048349
1 0.156730 0.672776 0.089180 0.046614
1 0.167753 0.643223 0.095455 0.042104
1 0.169867 0.619921 0.105309 0.040257
1 0.166093 0.588752 0.091803 0.040901
1 0.180056 0.563347 0.112142 0.041362
1 0.179269 0.537897 0.103558 0.037537
1 0.210950 0.450345 0.099004 0.075125
1 0.227410 0.445725 0.064190 0.068774
1 0.200551 0.463210 0.118416 0.050684
1 0.192448 0.488957 0.113413 0.039186
1 0.187958 0.513955 0.113520 0.041444
1 0.722866 0.590789 0.104258 0.047170
1 0.737895 0.611511 0.100971 0.030469
1 0.700786 0.582768 0.074415 0.046754
1 0.665263 0.579839 0.053938 0.053821
1 0.627098 0.573586 0.042610 0.048691
1 0.594224 0.571267 0.056424 0.058446
1 0.555153 0.562553 0.053228 0.055629
1 0.513724 0.556103 0.055352 0.062827
1 0.473119 0.545562 0.052917 0.061826
1 0.431363 0.539276 0.056651 0.059539
1 0.391374 0.530177 0.053771 0.050349
1 0.359411 0.520122 0.049109 0.055483
1 0.282564 0.528668 0.075721 0.050693
1 0.297042 0.516899 0.065547 0.070705
1 0.320500 0.517722 0.040739 0.064074
1 0.279754 0.552173 0.087945 0.043856
1 0.266675 0.570850 0.093682 0.035020
1 0.267350 0.597625 0.082278 0.040878
1 0.255504 0.622930 0.091509 0.041873
1 0.257294 0.651162 0.083831 0.048750
1 0.252423 0.677569 0.081746 0.038297
1 0.244279 0.703469 0.079549 0.036570
1 0.243030 0.727701 0.083207 0.045840
1 0.230325 0.755256 0.091907 0.038913
1 0.324833 0.817109 0.050709 0.047845
1 0.290253 0.808952 0.060902 0.049506
1 0.229693 0.796093 0.096494 0.046115
1 0.507523 0.608179 0.055833 0.060680
1 0.552337 0.621096 0.053125 0.058250
1 0.585792 0.621016 0.051435 0.049015
1 0.637307 0.633438 0.102902 0.044595
1 0.620308 0.622290 0.075033 0.052432
1 0.650986 0.658917 0.113484 0.036908
1 0.643160 0.680335 0.115967 0.041163
1 0.642496 0.704233 0.101886 0.047596
1 0.637652 0.730141 0.109875 0.047200
1 0.630802 0.760394 0.104729 0.044517
1 0.628723 0.789330 0.095846 0.049051
1 0.622277 0.815129 0.089624 0.066834
1 0.452854 0.790524 0.057804 0.051968
1 0.493484 0.796989 0.058329 0.054101
1 0.532844 0.809646 0.056725 0.053270
1 0.567503 0.815418 0.038509 0.051999
1 0.416297 0.781565 0.053789 0.049781
1 0.378235 0.769114 0.056187 0.056565
1 0.320746 0.759742 0.095507 0.040019
1 0.342263 0.767583 0.077993 0.052865
1 0.329039 0.732136 0.093720 0.032147
1 0.468571 0.601111 0.065372 0.057851
1 0.429001 0.590049 0.052618 0.059248
1 0.365444 0.582939 0.071893 0.068254
1 0.392943 0.587898 0.039554 0.061496
1 0.350052 0.664219 0.087803 0.039493
1 0.353771 0.640774 0.088194 0.042428
1 0.357594 0.612718 0.085866 0.041482
1 0.351001 0.590457 0.085065 0.053825
1 0.331195 0.709300 0.088104 0.039692
1 0.339923 0.689589 0.088330 0.039349
1 0.543042 0.742261 0.126405 0.071699
1 0.532902 0.749969 0.082058 0.075242
1 0.493430 0.738803 0.038188 0.057453
1 0.456443 0.743123 0.052749 0.060349
1 0.414022 0.720554 0.095052 0.032633
1 0.431440 0.727234 0.086206 0.051280
1 0.539048 0.673673 0.117832 0.035598
1 0.543773 0.697035 0.131377 0.030065
1 0.521995 0.667909 0.091386 0.051499
1 0.503059 0.660644 0.048854 0.058804
1 0.441070 0.651451 0.074189 0.077597
1 0.434689 0.664052 0.082846 0.056667
1 0.475148 0.657644 0.034577 0.067398
1 0.429200 0.692692 0.091436 0.032675
1 0.434030 0.679359 0.095806 0.044486
1 0.537009 0.722121 0.102111 0.042458
