1 0.445739 0.604739 0.143242 0.040511
1 0.436771 0.653307 0.136490 0.044889
1 0.451481 0.601961 0.132430 0.033532
1 0.466241 0.558072 0.134749 0.030986
1 0.481194 0.514696 0.147587 0.044420
1 0.497231 0.471036 0.126399 0.036086
1 0.517155 0.424146 0.135089 0.034603
1 0.543787 0.381704 0.134412 0.037377
1 0.565254 0.337128 0.122539 0.049747
1 0.580737 0.288366 0.128233 0.039689
1 0.594702 0.243221 0.139286 0.045031
1 0.436615 0.709208 0.126884 0.050765
1 0.437301 0.759334 0.108059 0.046244
1 0.444723 0.337130 0.125579 0.066417
1 0.414963 0.382459 0.146701 0.066705
1 0.391190 0.429076 0.139633 0.060737
1 0.307926 0.615523 0.175925 0.064788
1 0.307269 0.699857 0.156029 0.064814
1 0.313686 0.571397 0.170464 0.058233
1 0.247714 0.453786 0.141556 0.079990
1 0.276323 0.410610 0.139049 0.064849
1 0.296345 0.368392 0.133062 0.061627
1 0.323076 0.326654 0.134983 0.059749
1 0.340313 0.285457 0.136530 0.052418
1 0.357144 0.534663 0.127528 0.042222
1 0.370959 0.494840 0.131911 0.049826
1 0.364962 0.249677 0.127367 0.054768
1 0.371029 0.209485 0.127739 0.048567
1 0.377580 0.174215 0.126416 0.051265
1 0.466797 0.299057 0.112107 0.070858
1 0.478245 0.247960 0.136922 0.069021
1 0.493437 0.201162 0.108790 0.065560
1 0.516464 0.150965 0.116710 0.054569
1 0.546646 0.755954 0.145619 0.068031
1 0.548175 0.707655 0.147335 0.077372
1 0.562428 0.656316 0.158422 0.085145
1 0.573706 0.609304 0.146664 0.079178
1 0.591847 0.560314 0.149118 0.081817
1 0.604200 0.517088 0.154862 0.073606
1 0.616430 0.472342 0.145678 0.071551
1 0.636998 0.430504 0.154770 0.073058
1 0.654820 0.381775 0.144415 0.073024
1 0.674895 0.339873 0.157627 0.075815
1 0.695494 0.290307 0.143372 0.074527
1 0.715677 0.240202 0.147335 0.084660
1 0.606934 0.193143 0.140015 0.045803
1 0.739719 0.199897 0.132016 0.083832
1 0.795186 0.344041 0.124517 0.057145
1 0.776307 0.399885 0.147855 0.073799
1 0.758869 0.431896 0.132562 0.060424
1 0.742525 0.481323 0.135108 0.053662
1 0.723289 0.517090 0.141403 0.050291
1 0.715976 0.565430 0.123313 0.047480
1 0.699291 0.605144 0.148530 0.053598
1 0.809364 0.292206 0.120089 0.053600
1 0.678601 0.695566 0.125916 0.051444
1 0.665649 0.739105 0.143488 0.041949
1 0.657732 0.781354 0.122845 0.045769
1 0.314934 0.781536 0.139101 0.078635
3 0.313638 0.734321 0.154265 0.053895
0 0.835786 0.458520 0.055520 0.057810
0 0.820391 0.498005 0.049160 0.063973
0 0.807685 0.537281 0.045783 0.064145
0 0.792478 0.585977 0.041758 0.073421
0 0.783009 0.623297 0.040934 0.065644
0 0.771763 0.667849 0.037515 0.049601
0 0.762310 0.711153 0.039925 0.059751
0 0.750976 0.748297 0.038912 0.049487
0 0.732809 0.788341 0.055893 0.044348
1 0.691154 0.649930 0.138379 0.054295
0 0.855005 0.418439 0.053324 0.052252
0 0.875989 0.374646 0.049043 0.075668
0 0.888735 0.313344 0.042489 0.079052
