0 0.295827 0.680417 0.080756 0.046125
0 0.342454 0.683300 0.099022 0.036516
0 0.413115 0.679937 0.098061 0.029789
0 0.468875 0.663120 0.059605 0.013453
0 0.484738 0.679937 0.081717 0.016336
0 0.734282 0.671317 0.092748 0.028272
0 0.631010 0.670988 0.086170 0.040764
0 0.574111 0.670331 0.086828 0.036819
0 0.683962 0.674933 0.085512 0.038134
0 0.781972 0.664084 0.096037 0.036162
0 0.837500 0.663281 0.078125 0.042188
0 0.886559 0.668687 0.082881 0.042737
0 0.937209 0.667372 0.089459 0.037477
1 0.617854 0.595377 0.058543 0.117033
1 0.563916 0.597349 0.057227 0.117033
1 0.513266 0.597678 0.061174 0.122950
1 0.460643 0.603596 0.067752 0.121635
1 0.401772 0.601952 0.064463 0.117033
1 0.669490 0.594062 0.059201 0.126238
1 0.724086 0.591432 0.071041 0.128868
1 0.776380 0.594719 0.046703 0.103883
1 0.820123 0.597349 0.043414 0.097308
1 0.871430 0.602609 0.057885 0.106513
1 0.912500 0.600781 0.065625 0.101562
1 0.965165 0.601623 0.065121 0.101911
0 0.974849 0.664067 0.044763 0.027615
1 0.344378 0.601934 0.063805 0.134785
1 0.289124 0.610482 0.062490 0.122950
1 0.236173 0.605222 0.052623 0.115060
1 0.727538 0.511201 0.080250 0.108486
1 0.670969 0.506599 0.060516 0.107170
1 0.612755 0.503969 0.069067 0.121635
1 0.570985 0.498709 0.055254 0.141360
1 0.514745 0.497723 0.048018 0.143332
1 0.778846 0.497065 0.071041 0.134127
1 0.824233 0.498051 0.055254 0.134785
1 0.868304 0.507585 0.061832 0.136757
1 0.910403 0.505613 0.060516 0.134127
1 0.954474 0.508900 0.065779 0.136757
1 0.468042 0.500024 0.051965 0.137415
1 0.415090 0.503969 0.052623 0.142675
1 0.364770 0.501339 0.062490 0.143990
1 0.308156 0.504955 0.076303 0.139387
1 0.902017 0.407484 0.066436 0.105198
1 0.948720 0.402224 0.062490 0.107828
1 0.854656 0.404197 0.070383 0.114403
1 0.816834 0.409128 0.073672 0.119005
1 0.776709 0.403316 0.059201 0.105645
1 0.734939 0.399945 0.057227 0.107127
1 0.691526 0.399923 0.062490 0.113745
1 0.645481 0.398628 0.057227 0.117650
1 0.598778 0.394334 0.065121 0.109143
1 0.548128 0.398279 0.076961 0.118348
1 0.495505 0.399594 0.066436 0.117033
1 0.978142 0.406193 0.043716 0.106465
1 0.444527 0.399594 0.057885 0.127553
1 0.398773 0.402055 0.063147 0.115718
1 0.345164 0.399754 0.058543 0.112430
1 0.298790 0.404356 0.069725 0.112430
0 0.234325 0.702319 0.079674 0.059859
