0 0.424606 0.496156 0.051595 0.070733
0 0.354274 0.504667 0.059741 0.064864
0 0.417002 0.411959 0.035302 0.054682
0 0.457463 0.357954 0.040190 0.045836
0 0.441335 0.382212 0.036999 0.051763
0 0.466114 0.339926 0.036999 0.045128
0 0.386538 0.439894 0.051264 0.071540
0 0.372080 0.475095 0.059741 0.054158
0 0.327953 0.538744 0.055668 0.049725
0 0.308078 0.566735 0.057365 0.051022
0 0.442615 0.457612 0.050916 0.052161
0 0.493870 0.400129 0.042090 0.054320
0 0.388025 0.534674 0.052613 0.056842
0 0.367489 0.571066 0.052952 0.044017
0 0.502270 0.481638 0.051255 0.057218
0 0.477831 0.522173 0.062796 0.042781
0 0.445245 0.551280 0.056007 0.048384
0 0.472261 0.431610 0.061109 0.058131
0 0.522127 0.436088 0.052952 0.054951
0 0.421556 0.588021 0.051595 0.044424
0 0.344216 0.596114 0.045381 0.036996
0 0.456325 0.619395 0.037046 0.052647
0 0.482655 0.589879 0.048879 0.053108
0 0.509640 0.559580 0.056007 0.043945
0 0.528243 0.526937 0.055329 0.058141
0 0.555229 0.483879 0.057705 0.054147
0 0.573388 0.449831 0.051255 0.049137
0 0.601392 0.502523 0.057026 0.068470
0 0.521891 0.620595 0.051595 0.051478
0 0.553572 0.582777 0.064267 0.055166
0 0.572581 0.540954 0.048879 0.056528
0 0.620102 0.463683 0.045258 0.048710
0 0.495856 0.654029 0.052622 0.052862
0 0.467129 0.672757 0.045258 0.045556
0 0.584122 0.634001 0.046616 0.045839
0 0.604262 0.594126 0.046164 0.049459
0 0.625081 0.558159 0.048879 0.052775
0 0.647936 0.518453 0.047521 0.045776
0 0.662645 0.481468 0.040733 0.046143
0 0.672376 0.454436 0.038470 0.037655
0 0.586837 0.428813 0.034849 0.041919
0 0.628928 0.421107 0.037565 0.045073
0 0.395168 0.606701 0.045258 0.039003
0 0.540124 0.399800 0.042543 0.055674
0 0.504596 0.373997 0.041185 0.036999
