0 0.442465 0.515039 0.051159 0.067195
0 0.373036 0.515851 0.059057 0.063197
0 0.436133 0.430980 0.034870 0.052586
0 0.476944 0.381051 0.038963 0.046350
0 0.460696 0.403652 0.036186 0.051115
0 0.485827 0.363646 0.035976 0.045035
0 0.405536 0.455717 0.050799 0.068793
0 0.390862 0.488362 0.059417 0.051702
0 0.346684 0.547871 0.054842 0.048642
0 0.326579 0.574319 0.056548 0.050439
0 0.460521 0.478032 0.050129 0.050734
0 0.511911 0.424966 0.041252 0.052599
0 0.405358 0.549288 0.052161 0.053225
0 0.384815 0.583877 0.052152 0.044020
0 0.518818 0.505825 0.050656 0.055372
0 0.494111 0.543968 0.061824 0.040944
0 0.461535 0.571220 0.055339 0.048031
0 0.490230 0.453967 0.060525 0.055731
0 0.539107 0.464063 0.052379 0.054725
0 0.437752 0.604393 0.050768 0.043193
0 0.361389 0.605756 0.044994 0.035410
0 0.471199 0.638427 0.037149 0.050153
0 0.497698 0.611794 0.048183 0.051585
0 0.524793 0.584003 0.055135 0.044446
0 0.543597 0.552601 0.054776 0.056287
0 0.570742 0.513378 0.056952 0.054041
0 0.589293 0.480967 0.050825 0.050792
0 0.615981 0.534828 0.056581 0.066039
0 0.535700 0.644498 0.050778 0.049089
0 0.567366 0.610639 0.063096 0.054304
0 0.586773 0.571336 0.048097 0.056347
0 0.634917 0.499103 0.044627 0.049256
0 0.509491 0.675061 0.052153 0.051571
0 0.480781 0.691871 0.044627 0.044486
0 0.596695 0.663374 0.046057 0.044635
0 0.617001 0.626078 0.045751 0.048929
0 0.638333 0.591764 0.048113 0.053512
0 0.661165 0.554893 0.046637 0.046390
0 0.676308 0.519771 0.040180 0.046124
0 0.686395 0.494354 0.037649 0.037553
0 0.602947 0.460898 0.034233 0.041423
0 0.644366 0.457930 0.037007 0.045568
0 0.411421 0.621019 0.044448 0.039894
0 0.557408 0.429867 0.042210 0.053643
0 0.523032 0.399926 0.040104 0.036808
