0 0.573909 0.256868 0.027581 0.038572
0 0.553243 0.244552 0.026306 0.028837
0 0.527891 0.247228 0.025119 0.022531
0 0.503316 0.250718 0.030213 0.023117
0 0.479197 0.256097 0.032400 0.022021
0 0.456227 0.260473 0.028828 0.019659
0 0.440604 0.260372 0.021115 0.014526
3 0.466795 0.324247 0.029587 0.055141
3 0.443859 0.331945 0.023767 0.049768
3 0.420694 0.337507 0.024574 0.043399
3 0.395350 0.346941 0.024675 0.040210
3 0.370090 0.349639 0.025496 0.045031
3 0.344379 0.353331 0.032504 0.045857
3 0.323126 0.360806 0.026224 0.043662
3 0.296455 0.362134 0.027128 0.043584
3 0.490673 0.318886 0.031243 0.048756
3 0.518172 0.307573 0.025492 0.049315
3 0.539922 0.302132 0.028763 0.044968
3 0.564658 0.297026 0.027488 0.043197
3 0.584796 0.296187 0.025658 0.034218
3 0.509827 0.275174 0.026868 0.036556
3 0.474485 0.283558 0.028195 0.044208
3 0.460465 0.371650 0.023936 0.046243
3 0.483928 0.363498 0.025988 0.047682
3 0.509799 0.353073 0.028640 0.050454
3 0.533731 0.346306 0.027097 0.047241
3 0.557385 0.336157 0.025324 0.054328
3 0.579184 0.334817 0.023049 0.049453
3 0.602012 0.326887 0.021051 0.052000
0 0.595259 0.267826 0.028748 0.036431
0 0.606875 0.290621 0.033353 0.037518
3 0.435204 0.374542 0.025379 0.048569
3 0.408550 0.383570 0.025093 0.046518
3 0.384591 0.386876 0.024819 0.043144
3 0.358967 0.391096 0.025100 0.047572
3 0.334509 0.396593 0.027260 0.047354
3 0.310877 0.399236 0.022882 0.049843
3 0.285142 0.413176 0.021383 0.063079
3 0.312498 0.446693 0.027438 0.067454
3 0.363329 0.434622 0.025826 0.060536
3 0.385933 0.428908 0.023052 0.061195
3 0.409697 0.425295 0.028044 0.061639
3 0.435904 0.417778 0.029593 0.057599
3 0.460805 0.410123 0.024443 0.055159
3 0.484930 0.405682 0.027930 0.056602
3 0.511993 0.396363 0.025439 0.058149
3 0.537146 0.390454 0.023669 0.060533
3 0.560382 0.384596 0.031589 0.055050
3 0.583594 0.378934 0.029154 0.064464
3 0.607332 0.371918 0.029428 0.057209
3 0.527960 0.428615 0.023769 0.054110
3 0.501341 0.436823 0.024929 0.054108
3 0.475803 0.444590 0.023932 0.054663
3 0.453612 0.452603 0.023214 0.052947
3 0.428381 0.456688 0.025709 0.052670
3 0.549676 0.421238 0.022108 0.044805
3 0.573416 0.413224 0.022267 0.041654
3 0.598042 0.409055 0.018338 0.041429
3 0.622304 0.398108 0.024207 0.044696
3 0.401875 0.464159 0.024653 0.048795
3 0.336026 0.440031 0.030923 0.062771
3 0.374799 0.469059 0.023047 0.051450
3 0.350449 0.473585 0.023212 0.044862
3 0.326485 0.475616 0.019165 0.042037
3 0.323892 0.509732 0.030039 0.052781
3 0.350293 0.505567 0.028099 0.046467
3 0.375417 0.502787 0.029373 0.046570
3 0.400483 0.498591 0.027646 0.045307
3 0.428519 0.493095 0.029319 0.045639
3 0.452923 0.487767 0.026047 0.041098
3 0.478878 0.479832 0.028209 0.048404
3 0.501675 0.475087 0.028821 0.047797
3 0.599812 0.438526 0.026936 0.042479
3 0.550565 0.455744 0.031034 0.048514
3 0.525742 0.466751 0.027258 0.046801
3 0.622223 0.433337 0.033084 0.046525
3 0.516071 0.510645 0.027094 0.042425
3 0.492556 0.518881 0.032355 0.048018
3 0.463275 0.522769 0.025988 0.050789
3 0.441144 0.529759 0.027368 0.045027
3 0.417819 0.537638 0.024601 0.048570
3 0.540336 0.501660 0.033078 0.052616
3 0.563158 0.494835 0.030309 0.051950
3 0.588864 0.487763 0.024655 0.045363
3 0.390568 0.541809 0.025486 0.049126
3 0.362697 0.542624 0.029036 0.049735
3 0.362711 0.582887 0.029267 0.052729
3 0.390965 0.576646 0.027489 0.043691
3 0.415896 0.570540 0.027933 0.040599
3 0.337714 0.549864 0.026930 0.049900
3 0.440465 0.563023 0.030756 0.043868
3 0.465363 0.556585 0.025153 0.041870
3 0.492237 0.551061 0.026602 0.040043
3 0.516087 0.544267 0.028429 0.045972
3 0.542308 0.537721 0.029371 0.045625
3 0.565880 0.531890 0.029873 0.042646
3 0.589037 0.522437 0.026436 0.046357
3 0.616928 0.516280 0.029596 0.045351
3 0.656915 0.548599 0.023111 0.057208
3 0.630737 0.551962 0.029479 0.060145
3 0.604088 0.560172 0.031027 0.048514
3 0.579298 0.566304 0.025428 0.044694
3 0.554036 0.575038 0.028980 0.047297
3 0.529743 0.581225 0.027706 0.045582
3 0.503537 0.588855 0.029254 0.049179
3 0.478525 0.592825 0.028314 0.047460
3 0.454427 0.600923 0.025986 0.045690
3 0.429254 0.608363 0.025873 0.044753
3 0.401610 0.612392 0.032195 0.049680
3 0.376818 0.624035 0.029589 0.048462
3 0.579594 0.601851 0.026270 0.043975
3 0.555772 0.607211 0.026712 0.040143
3 0.529872 0.613669 0.027656 0.041758
3 0.505386 0.622520 0.028542 0.043577
3 0.480341 0.626850 0.026208 0.046578
3 0.454723 0.636554 0.030591 0.049460
3 0.605017 0.596211 0.030281 0.048437
3 0.632308 0.592491 0.029651 0.047351
3 0.659594 0.586337 0.031368 0.054433
3 0.667534 0.633264 0.024044 0.055826
3 0.648849 0.636660 0.034429 0.061178
3 0.625844 0.639879 0.038851 0.067897
3 0.603349 0.646562 0.039516 0.061743
3 0.580777 0.651506 0.038676 0.058206
3 0.555126 0.656112 0.038678 0.060195
3 0.526620 0.661000 0.041620 0.057432
3 0.502714 0.668406 0.043334 0.062024
3 0.476399 0.674786 0.043887 0.060364
3 0.452939 0.685515 0.043164 0.054545
3 0.429295 0.645040 0.032475 0.051008
3 0.402257 0.648846 0.026376 0.043862
3 0.376843 0.658362 0.028209 0.043812
3 0.425028 0.694426 0.043029 0.054802
3 0.403231 0.700416 0.035519 0.055377
3 0.575185 0.449414 0.030673 0.049045
