0 0.860119 0.339046 0.048358 0.042847
0 0.832759 0.281393 0.048760 0.065219
0 0.812480 0.224378 0.053975 0.057276
0 0.866224 0.383260 0.041347 0.064271
0 0.810742 0.185942 0.035426 0.066642
0 0.818841 0.138854 0.040847 0.059389
0 0.821518 0.089046 0.045192 0.055382
2 0.784191 0.412089 0.132611 0.066683
2 0.785288 0.351234 0.129811 0.063690
2 0.798603 0.465538 0.145359 0.058100
2 0.761336 0.292189 0.121027 0.064198
2 0.743025 0.240063 0.125847 0.055349
2 0.726204 0.185438 0.118403 0.054891
2 0.731618 0.127033 0.129426 0.056348
2 0.747745 0.083755 0.116053 0.060093
2 0.665632 0.271511 0.128018 0.057283
2 0.672228 0.326614 0.139141 0.055649
2 0.686450 0.382318 0.161252 0.055488
2 0.681370 0.439288 0.146436 0.055166
2 0.714638 0.492860 0.132992 0.047371
2 0.649220 0.211833 0.141595 0.060463
2 0.635221 0.151432 0.142790 0.054607
2 0.645872 0.088965 0.129566 0.059790
2 0.559904 0.305463 0.143492 0.074804
2 0.573162 0.360469 0.154565 0.064990
2 0.585476 0.424220 0.154013 0.080304
2 0.549297 0.246558 0.141715 0.072052
2 0.543605 0.186828 0.145892 0.070621
2 0.532961 0.124180 0.136860 0.069486
2 0.519004 0.073112 0.129048 0.070096
2 0.462033 0.335540 0.142895 0.062496
2 0.457292 0.273345 0.131000 0.058779
2 0.441559 0.209672 0.151782 0.058931
2 0.435969 0.155149 0.140540 0.059362
2 0.428512 0.094303 0.135103 0.048916
2 0.475667 0.392131 0.140659 0.050627
2 0.463943 0.450013 0.148391 0.052800
2 0.336449 0.240734 0.150637 0.073373
2 0.340327 0.303430 0.145539 0.073902
2 0.351008 0.367871 0.159972 0.076345
2 0.365473 0.425406 0.130313 0.064266
2 0.319424 0.193222 0.138483 0.073737
2 0.312769 0.138267 0.145354 0.056103
2 0.301154 0.082373 0.128964 0.061568
2 0.335012 0.471551 0.158135 0.056365
2 0.230493 0.417184 0.143242 0.097283
2 0.236384 0.359777 0.162123 0.098359
2 0.230838 0.314521 0.158498 0.088997
2 0.230930 0.262425 0.166204 0.086948
2 0.221587 0.215644 0.148775 0.076291
2 0.213811 0.166662 0.156462 0.087100
2 0.202119 0.122974 0.148491 0.071823
2 0.247764 0.496263 0.113539 0.063888
