0 0.130094 0.398812 0.032168 0.093666
0 0.134694 0.480761 0.024335 0.087752
0 0.132440 0.562115 0.047441 0.127495
0 0.129631 0.655349 0.040225 0.122145
0 0.122693 0.743178 0.052334 0.103325
0 0.120377 0.836590 0.040796 0.109973
0 0.123179 0.326743 0.038643 0.106192
0 0.119885 0.253553 0.036938 0.092730
0 0.113075 0.195241 0.044366 0.098623
0 0.108584 0.145334 0.050367 0.079129
1 0.223222 0.782105 0.188044 0.096688
1 0.219382 0.679772 0.139947 0.105613
1 0.203279 0.882112 0.124992 0.105104
1 0.218979 0.584932 0.148449 0.099904
1 0.219734 0.499043 0.144669 0.103688
1 0.213783 0.406643 0.142011 0.122135
1 0.209879 0.312225 0.122169 0.109289
1 0.203726 0.215828 0.113780 0.142157
1 0.201566 0.117196 0.131992 0.157017
1 0.341094 0.125086 0.160784 0.111584
1 0.358310 0.226788 0.175330 0.137198
1 0.369811 0.339038 0.176570 0.160113
1 0.371328 0.424076 0.184651 0.129464
1 0.380385 0.526563 0.177273 0.128663
1 0.387410 0.613068 0.175676 0.118995
1 0.376315 0.704593 0.141511 0.107909
1 0.356409 0.809085 0.143511 0.103268
1 0.338331 0.897462 0.184484 0.118126
1 0.325534 0.978522 0.139107 0.042957
1 0.525773 0.731204 0.154719 0.138645
1 0.502171 0.801563 0.144953 0.104155
1 0.497472 0.881899 0.126247 0.078610
1 0.507578 0.783419 0.169449 0.107344
1 0.527902 0.696082 0.153321 0.097987
