0 0.460159 0.855225 0.143819 0.090975
0 0.535186 0.818813 0.162527 0.096720
0 0.616260 0.782175 0.128807 0.080151
0 0.694862 0.745094 0.147527 0.082435
0 0.775613 0.709578 0.143779 0.085798
0 0.856171 0.671409 0.131430 0.084864
0 0.921922 0.632331 0.125652 0.084622
0 0.977182 0.597068 0.045637 0.071560
0 0.737406 0.899931 0.170297 0.064051
0 0.816947 0.873490 0.150836 0.061667
0 0.655048 0.932366 0.144057 0.070406
0 0.559304 0.958877 0.150459 0.056805
0 0.902639 0.839379 0.139913 0.079622
0 0.954948 0.802329 0.090104 0.083670
0 0.990211 0.749887 0.019579 0.024644
0 0.476897 0.980752 0.138797 0.038497
0 0.910247 0.415541 0.122609 0.092078
0 0.838253 0.459110 0.113669 0.075494
0 0.754781 0.499105 0.082659 0.071385
0 0.611836 0.573246 0.119475 0.080508
0 0.691220 0.538473 0.094697 0.076434
0 0.548554 0.612359 0.113706 0.077502
0 0.471506 0.648647 0.116095 0.076479
0 0.412608 0.686424 0.102204 0.075643
0 0.343739 0.727734 0.076530 0.065290
0 0.277401 0.764702 0.078506 0.071475
0 0.214328 0.804404 0.081430 0.071186
0 0.236606 0.650837 0.098121 0.063091
0 0.311069 0.614413 0.100624 0.072422
0 0.383577 0.578599 0.099641 0.074603
0 0.446327 0.543991 0.104994 0.077376
0 0.504983 0.504470 0.108900 0.071577
0 0.575416 0.475031 0.111990 0.072753
0 0.654043 0.443607 0.119912 0.060967
0 0.714947 0.417516 0.117103 0.076009
0 0.796271 0.387081 0.099385 0.078385
0 0.860763 0.351037 0.101857 0.083144
0 0.935470 0.310461 0.103410 0.083810
0 0.087069 0.603486 0.127699 0.068387
0 0.150163 0.570303 0.118389 0.068282
0 0.205288 0.538971 0.093357 0.062532
0 0.276992 0.504830 0.107972 0.058903
0 0.356496 0.469754 0.114089 0.077816
0 0.420885 0.431720 0.100987 0.073144
0 0.484193 0.391266 0.111926 0.073135
0 0.550695 0.360456 0.130379 0.073981
0 0.641608 0.320132 0.150382 0.072053
0 0.712111 0.289839 0.151850 0.086514
0 0.783419 0.248201 0.140304 0.088111
0 0.855424 0.207237 0.137022 0.087041
0 0.915814 0.166730 0.121466 0.086880
0 0.948572 0.113745 0.052586 0.031791
0 0.060232 0.478321 0.089021 0.066774
0 0.142344 0.435199 0.087903 0.050534
0 0.200163 0.395931 0.067784 0.044392
0 0.252633 0.372922 0.082407 0.047293
0 0.335061 0.342641 0.100997 0.061080
0 0.386561 0.307805 0.086758 0.054468
0 0.445560 0.265967 0.071179 0.050696
0 0.510468 0.231199 0.072459 0.053872
0 0.551321 0.191990 0.064584 0.053161
0 0.605902 0.147291 0.071265 0.068624
0 0.457224 0.110756 0.080095 0.056756
0 0.393647 0.148802 0.077433 0.061660
0 0.520242 0.074121 0.090699 0.059675
0 0.574117 0.034839 0.091140 0.043531
0 0.331202 0.184400 0.074431 0.061239
0 0.261825 0.220450 0.095711 0.062177
0 0.191674 0.254267 0.111337 0.059731
0 0.123603 0.288577 0.097775 0.059887
0 0.055427 0.330175 0.095387 0.064263
0 0.267136 0.077564 0.061681 0.062440
0 0.228965 0.118232 0.072490 0.066725
