0 0.547720 0.807780 0.124011 0.042831
0 0.621875 0.813281 0.106250 0.045312
0 0.707031 0.823438 0.098437 0.037500
0 0.798979 0.819379 0.121408 0.028554
0 0.463767 0.806441 0.122301 0.036584
0 0.385937 0.810156 0.103125 0.039062
0 0.312500 0.800781 0.093750 0.054688
0 0.256250 0.807813 0.078125 0.040625
3 0.407423 0.741133 0.087486 0.096501
3 0.490395 0.746776 0.079848 0.078274
3 0.575797 0.748089 0.088180 0.089528
3 0.660853 0.746859 0.079153 0.104481
3 0.741048 0.751906 0.079848 0.091610
3 0.325492 0.748076 0.095817 0.089555
3 0.844850 0.746701 0.131923 0.118677
3 0.252240 0.735597 0.074293 0.089528
3 0.804232 0.666890 0.106232 0.111736
3 0.722995 0.668625 0.106232 0.112430
3 0.639328 0.660296 0.101372 0.122147
3 0.546288 0.662031 0.104149 0.106184
3 0.465399 0.668756 0.090957 0.114943
3 0.385517 0.665544 0.089568 0.096366
3 0.309488 0.664799 0.095817 0.100632
3 0.323852 0.605860 0.079362 0.084947
3 0.410713 0.601175 0.085611 0.085572
3 0.487757 0.600233 0.078737 0.089216
3 0.565244 0.599557 0.078737 0.081824
3 0.653667 0.605073 0.089360 0.102022
3 0.744902 0.602367 0.089360 0.089944
3 0.827701 0.592113 0.083736 0.072976
3 0.808954 0.528663 0.101233 0.102437
3 0.712500 0.531250 0.090625 0.093750
3 0.629608 0.531426 0.086236 0.090665
3 0.549622 0.529395 0.087485 0.095977
3 0.466510 0.523666 0.089985 0.116178
3 0.382812 0.529687 0.084375 0.090625
3 0.299219 0.528125 0.089063 0.100000
3 0.223288 0.542552 0.083319 0.073913
3 0.265729 0.456667 0.127583 0.110348
3 0.343320 0.457448 0.120293 0.098377
3 0.424036 0.460571 0.124458 0.093171
3 0.509615 0.460184 0.117929 0.087446
3 0.590078 0.464348 0.112186 0.109307
3 0.657031 0.474219 0.095312 0.095312
3 0.738083 0.457321 0.104670 0.106705
3 0.796406 0.454198 0.096338 0.091089
3 0.242565 0.621130 0.082129 0.094584
