0 0.779420 0.296110 0.042665 0.092617
0 0.758132 0.773149 0.031270 0.067436
0 0.760996 0.718678 0.029797 0.056387
0 0.768626 0.684305 0.027526 0.053404
0 0.769356 0.642299 0.023598 0.062903
0 0.778552 0.596334 0.025038 0.085409
0 0.782273 0.540648 0.023626 0.064376
0 0.784708 0.488995 0.025108 0.071138
0 0.784959 0.432100 0.019579 0.056979
0 0.786957 0.371718 0.030406 0.078100
3 0.606238 0.551835 0.102059 0.048033
3 0.606611 0.643127 0.086910 0.041579
3 0.610787 0.690803 0.064535 0.047041
3 0.604996 0.744739 0.060269 0.050947
3 0.595342 0.789963 0.063779 0.047692
3 0.591420 0.833436 0.066942 0.062933
3 0.630809 0.509873 0.058168 0.040814
3 0.637076 0.460799 0.065725 0.057062
3 0.630798 0.414400 0.061756 0.050358
3 0.636132 0.365879 0.061037 0.046500
3 0.639407 0.317499 0.062384 0.048583
3 0.634731 0.268112 0.062766 0.049795
3 0.731248 0.382371 0.068584 0.042817
3 0.728287 0.427096 0.071125 0.041787
3 0.733318 0.471712 0.072171 0.047309
3 0.736707 0.515781 0.056864 0.049984
3 0.730107 0.567538 0.069360 0.054377
3 0.715537 0.611815 0.075233 0.047129
3 0.721210 0.662305 0.056346 0.055719
3 0.716110 0.713688 0.061811 0.052124
3 0.707971 0.759048 0.066030 0.050115
3 0.700329 0.809304 0.059371 0.046953
3 0.686344 0.856409 0.066414 0.047167
3 0.731548 0.341414 0.072486 0.053632
3 0.724684 0.291625 0.069707 0.059702
3 0.673389 0.584966 0.074670 0.043193
3 0.660018 0.699376 0.065801 0.048285
3 0.650989 0.741496 0.069060 0.053469
3 0.651681 0.784530 0.070750 0.050377
3 0.642144 0.835452 0.055503 0.047982
3 0.670651 0.645348 0.065615 0.056750
3 0.674084 0.547294 0.059256 0.052231
3 0.678763 0.506517 0.070668 0.045416
3 0.683720 0.455421 0.064065 0.049527
3 0.687723 0.407658 0.060631 0.050475
3 0.688294 0.361510 0.052364 0.047825
3 0.679782 0.317128 0.058686 0.041408
3 0.676147 0.269949 0.052325 0.050606
3 0.585632 0.249104 0.066481 0.054722
3 0.583557 0.298038 0.067737 0.058020
3 0.582303 0.345452 0.067854 0.048992
3 0.576234 0.394382 0.063760 0.043248
3 0.582931 0.444390 0.076593 0.048243
3 0.581975 0.489346 0.070826 0.052578
3 0.573827 0.536707 0.086940 0.054657
3 0.567668 0.585708 0.076540 0.053366
3 0.598104 0.603197 0.112204 0.049933
3 0.565724 0.631891 0.067842 0.044207
3 0.555505 0.675757 0.081808 0.039128
3 0.555416 0.721683 0.092521 0.049089
3 0.546823 0.768442 0.079758 0.043596
3 0.533519 0.814291 0.071342 0.043860
3 0.466743 0.851802 0.075973 0.046478
3 0.562828 0.873987 0.078174 0.045040
3 0.470781 0.819076 0.077769 0.054840
3 0.486869 0.771027 0.071158 0.051049
3 0.487332 0.720111 0.079094 0.057470
3 0.498823 0.681253 0.071130 0.046911
3 0.509356 0.634780 0.081788 0.062018
3 0.506682 0.589291 0.085093 0.051489
3 0.509519 0.536247 0.087632 0.045167
3 0.514890 0.494679 0.082743 0.040552
3 0.518839 0.443170 0.090724 0.048503
3 0.517684 0.398071 0.081337 0.045121
3 0.520457 0.349892 0.082602 0.044195
3 0.520544 0.301879 0.086216 0.044032
3 0.451781 0.610141 0.056270 0.041104
3 0.453344 0.656773 0.068718 0.042392
3 0.464654 0.565761 0.072837 0.052961
3 0.471027 0.517111 0.065806 0.049280
3 0.475765 0.470433 0.072616 0.036781
3 0.471985 0.423996 0.063884 0.041731
3 0.475991 0.374720 0.070318 0.046615
3 0.473081 0.329393 0.073438 0.034912
3 0.483584 0.278252 0.069496 0.049704
3 0.531552 0.250175 0.078600 0.050395
3 0.486243 0.230799 0.061250 0.040814
3 0.435370 0.238857 0.064518 0.048255
3 0.430439 0.289326 0.055229 0.046160
3 0.423255 0.334223 0.091493 0.050896
3 0.422834 0.385645 0.072306 0.048676
3 0.412671 0.428964 0.068107 0.048075
3 0.412920 0.470102 0.083423 0.054450
3 0.408247 0.522279 0.080536 0.049313
3 0.397921 0.569135 0.082622 0.043320
3 0.437955 0.705133 0.061937 0.040997
3 0.432568 0.751907 0.066076 0.041322
3 0.425137 0.796712 0.072166 0.043821
3 0.358136 0.837255 0.077760 0.036222
3 0.370402 0.803489 0.079148 0.055876
3 0.370907 0.753410 0.082328 0.046497
3 0.383411 0.712127 0.082566 0.059538
3 0.390525 0.660507 0.077947 0.044184
3 0.395278 0.615426 0.084104 0.042964
3 0.384243 0.223833 0.064430 0.049948
3 0.383872 0.266003 0.065360 0.052600
3 0.374222 0.317911 0.059894 0.068292
3 0.373298 0.355792 0.072110 0.067923
3 0.370559 0.405204 0.078996 0.061300
3 0.364436 0.442633 0.084149 0.061954
3 0.358766 0.494635 0.080366 0.056698
3 0.359944 0.541380 0.077299 0.074196
3 0.349780 0.593267 0.070485 0.078806
3 0.342858 0.638024 0.083070 0.069494
3 0.329227 0.680850 0.082399 0.070454
3 0.324677 0.725194 0.077105 0.071368
3 0.310551 0.766848 0.090150 0.065412
3 0.300038 0.810297 0.078646 0.062274
