0 0.731042 0.546983 0.023440 0.016282
0 0.715380 0.549445 0.020244 0.020448
0 0.700037 0.546605 0.019391 0.017797
0 0.687784 0.544968 0.018326 0.016526
0 0.671802 0.540546 0.017900 0.017040
0 0.659549 0.541559 0.018539 0.017285
0 0.646724 0.542061 0.017766 0.017040
0 0.630995 0.544901 0.020670 0.015146
0 0.616718 0.546037 0.026210 0.018176
0 0.599350 0.550391 0.028981 0.011739
0 0.583475 0.552095 0.030899 0.018176
0 0.564403 0.551148 0.020031 0.017797
0 0.551517 0.550202 0.018102 0.013632
0 0.532835 0.547101 0.015851 0.012077
0 0.520826 0.545090 0.021949 0.020069
0 0.506761 0.539144 0.011294 0.022874
3 0.704225 0.519220 0.015478 0.041842
3 0.690805 0.515563 0.015972 0.042135
3 0.721021 0.519074 0.019101 0.047987
3 0.677961 0.514977 0.014984 0.042720
3 0.664212 0.513368 0.017784 0.042427
3 0.648240 0.512783 0.016796 0.043598
3 0.633832 0.518921 0.017663 0.047504
3 0.616954 0.517903 0.019430 0.043305
3 0.602546 0.523463 0.016631 0.047987
3 0.586326 0.521268 0.016466 0.040086
3 0.569942 0.521561 0.014984 0.043598
3 0.555534 0.520391 0.015808 0.039501
3 0.540715 0.524048 0.015149 0.041549
3 0.524365 0.521640 0.020748 0.039501
3 0.507076 0.505108 0.012844 0.049157
3 0.519014 0.493550 0.013996 0.030138
3 0.534245 0.495159 0.014820 0.039209
3 0.550053 0.492672 0.014490 0.043012
3 0.564378 0.489746 0.014161 0.039501
3 0.578539 0.491794 0.015478 0.043012
3 0.594265 0.490917 0.013008 0.040672
3 0.609084 0.491502 0.013667 0.042427
3 0.624398 0.489893 0.014984 0.038038
3 0.638806 0.487991 0.015808 0.036575
3 0.653712 0.485671 0.011592 0.037765
3 0.668495 0.485310 0.013315 0.038797
3 0.681811 0.486963 0.013903 0.039319
3 0.695910 0.486876 0.013903 0.046800
3 0.709127 0.487572 0.013707 0.040885
3 0.724548 0.488007 0.014001 0.044887
3 0.730324 0.458170 0.016742 0.049584
3 0.736688 0.518888 0.015567 0.038101
3 0.717373 0.458458 0.017917 0.050454
3 0.702197 0.455239 0.016938 0.045061
3 0.687609 0.455413 0.016351 0.046800
3 0.674392 0.452630 0.015567 0.045757
3 0.659754 0.457588 0.017036 0.046279
3 0.644138 0.457936 0.017525 0.045931
3 0.630444 0.457501 0.017525 0.050628
3 0.615366 0.460024 0.018896 0.047670
3 0.599505 0.458284 0.019875 0.045931
3 0.584281 0.461068 0.018211 0.048366
3 0.569252 0.463938 0.015567 0.047844
3 0.554456 0.461541 0.016155 0.044887
3 0.539085 0.464412 0.016938 0.048192
3 0.525280 0.468413 0.015763 0.049236
3 0.511817 0.467108 0.013120 0.046279
3 0.501097 0.472067 0.015763 0.041581
3 0.499968 0.433562 0.019386 0.037232
3 0.514948 0.436868 0.012728 0.038623
3 0.529487 0.434171 0.015176 0.039145
3 0.544712 0.432257 0.013903 0.040537
3 0.559447 0.433736 0.013609 0.040711
3 0.573546 0.428430 0.014001 0.041929
3 0.588343 0.429869 0.015567 0.040026
3 0.604987 0.430657 0.015372 0.045409
3 0.619477 0.428744 0.014784 0.045409
3 0.635094 0.425786 0.014295 0.045409
3 0.649927 0.426134 0.014980 0.043321
3 0.665213 0.425466 0.013707 0.040885
3 0.678577 0.426336 0.014980 0.039493
3 0.693753 0.426249 0.014392 0.042103
3 0.708341 0.425379 0.012238 0.041059
3 0.721901 0.423987 0.014686 0.044191
3 0.735227 0.418767 0.013295 0.041755
3 0.715907 0.395268 0.015959 0.040885
3 0.701172 0.394746 0.016840 0.047148
3 0.731205 0.392915 0.014946 0.038647
3 0.686241 0.395094 0.016351 0.048540
3 0.671457 0.395094 0.017525 0.044713
3 0.656036 0.395355 0.016449 0.046279
3 0.640776 0.395829 0.017428 0.044017
3 0.625992 0.395916 0.016840 0.045931
3 0.610523 0.398352 0.015469 0.048714
3 0.595543 0.400265 0.017819 0.048366
3 0.579452 0.398042 0.017428 0.042799
3 0.564129 0.399173 0.016351 0.045757
3 0.549198 0.402304 0.018602 0.050976
3 0.534953 0.405175 0.014197 0.050454
3 0.519768 0.406101 0.017428 0.049584
3 0.503564 0.404622 0.019092 0.054630
3 0.505914 0.374436 0.023204 0.037406
3 0.524271 0.373480 0.015861 0.039319
3 0.539675 0.371676 0.015469 0.042103
3 0.553442 0.369565 0.019928 0.043478
3 0.567971 0.366283 0.021540 0.042451
3 0.583734 0.367327 0.020561 0.043843
3 0.600091 0.368357 0.019928 0.042673
3 0.615036 0.366345 0.020833 0.043478
3 0.628711 0.365371 0.020365 0.049062
3 0.646139 0.363925 0.018015 0.045342
3 0.661021 0.364240 0.022127 0.043669
3 0.722173 0.363627 0.021833 0.037406
3 0.707193 0.362322 0.021050 0.040363
3 0.690353 0.361626 0.022813 0.044191
3 0.676013 0.362583 0.019966 0.043321
