0 0.917490 0.653318 0.069307 0.044291
0 0.872611 0.670069 0.069307 0.064165
0 0.828301 0.684879 0.061353 0.058394
0 0.783706 0.693634 0.059649 0.057919
0 0.740815 0.701422 0.064762 0.055970
0 0.701333 0.709817 0.071011 0.055080
0 0.658726 0.722026 0.069875 0.056783
0 0.613563 0.738777 0.061353 0.060758
0 0.564140 0.756092 0.074988 0.060196
0 0.517841 0.768588 0.077828 0.064733
0 0.472678 0.783351 0.071579 0.063597
0 0.421834 0.804929 0.080100 0.072682
0 0.370990 0.823099 0.086349 0.069275
0 0.323271 0.839566 0.067034 0.070411
0 0.277256 0.867674 0.069307 0.093692
1 0.245459 0.782437 0.063184 0.142967
1 0.294409 0.761963 0.069433 0.131169
1 0.349219 0.755469 0.089063 0.126562
1 0.403072 0.736632 0.071516 0.113818
1 0.453063 0.707830 0.070127 0.135333
1 0.501563 0.690625 0.065625 0.125000
1 0.545756 0.673823 0.065267 0.132557
1 0.586375 0.664107 0.065961 0.135333
1 0.627340 0.642246 0.068739 0.137415
1 0.673860 0.629753 0.074293 0.142967
1 0.719339 0.619690 0.080542 0.138109
1 0.759957 0.613444 0.070127 0.131169
1 0.799186 0.602687 0.066656 0.131863
1 0.844665 0.598523 0.063184 0.138803
1 0.892921 0.585683 0.065267 0.122841
0 0.932150 0.564516 0.050686 0.056909
0 0.945690 0.610321 0.041660 0.066625
1 0.662562 0.507628 0.049992 0.144355
1 0.618472 0.513180 0.053463 0.141579
1 0.582020 0.534348 0.054158 0.153377
1 0.533764 0.551698 0.052075 0.163093
1 0.487591 0.561414 0.054158 0.150601
1 0.443849 0.571478 0.055546 0.165176
1 0.399759 0.596115 0.054852 0.163093
1 0.286236 0.638797 0.073599 0.138803
1 0.340046 0.613118 0.074293 0.165176
1 0.708041 0.503811 0.043743 0.147825
1 0.753906 0.504687 0.060937 0.131250
1 0.797956 0.497565 0.044437 0.140885
1 0.844824 0.491319 0.053463 0.132557
0 0.232773 0.631510 0.041660 0.090916
0 0.237633 0.681479 0.051380 0.070096
1 0.796875 0.389844 0.065625 0.117188
1 0.757338 0.403179 0.064573 0.120065
1 0.714290 0.405261 0.068739 0.110348
1 0.667770 0.411160 0.067350 0.109654
1 0.625763 0.415671 0.061101 0.115900
1 0.576813 0.422958 0.072905 0.123535
1 0.534459 0.435451 0.065961 0.106878
1 0.494535 0.444820 0.068044 0.120065
1 0.445237 0.457312 0.079154 0.127005
1 0.405313 0.471192 0.071516 0.138109
1 0.364695 0.484379 0.073599 0.120065
1 0.320258 0.504158 0.069433 0.140191
1 0.272022 0.517963 0.071475 0.135333
1 0.225781 0.517188 0.070312 0.146875
