0 0.386197 0.580479 0.063451 0.073032
0 0.433785 0.593932 0.070181 0.063422
0 0.488103 0.601139 0.073065 0.064383
0 0.542421 0.600659 0.087486 0.061500
0 0.590009 0.598256 0.082679 0.068227
0 0.336686 0.578557 0.068258 0.078797
0 0.653460 0.581440 0.080756 0.053813
1 0.404943 0.454595 0.081717 0.240236
1 0.456377 0.451713 0.059606 0.222939
1 0.498678 0.451713 0.067297 0.228705
1 0.551554 0.448830 0.071142 0.236392
1 0.596739 0.448830 0.067297 0.246002
1 0.360720 0.427689 0.060567 0.224861
1 0.630868 0.457478 0.068258 0.209486
