0 0.470553 0.424871 0.027692 0.014740
0 0.488003 0.417245 0.027157 0.016793
0 0.508158 0.409508 0.026479 0.016870
0 0.529966 0.402192 0.029859 0.020741
0 0.547095 0.397868 0.029049 0.014552
0 0.565614 0.392942 0.028007 0.014711
0 0.588562 0.389744 0.029215 0.014149
0 0.605456 0.389016 0.030958 0.012227
0 0.623105 0.383375 0.028643 0.017088
0 0.642607 0.384156 0.027948 0.023188
0 0.662657 0.383574 0.032635 0.027359
0 0.451005 0.434026 0.027660 0.013613
0 0.434193 0.444499 0.023205 0.014258
2 0.434292 0.406016 0.022162 0.055215
2 0.452293 0.399811 0.023675 0.045284
2 0.471763 0.391247 0.020250 0.046089
2 0.492391 0.386460 0.024307 0.044737
2 0.510913 0.373033 0.022223 0.055458
2 0.530417 0.362496 0.021000 0.058815
2 0.548268 0.357226 0.019557 0.051907
2 0.569647 0.356682 0.022630 0.064662
2 0.589238 0.349263 0.021294 0.062441
2 0.608451 0.344042 0.023144 0.058073
2 0.627316 0.341998 0.020829 0.061049
2 0.414875 0.412122 0.022797 0.053998
2 0.646343 0.342880 0.020888 0.057377
2 0.665440 0.342471 0.023432 0.057421
2 0.686477 0.346608 0.018286 0.055255
2 0.669561 0.308038 0.024422 0.053897
2 0.648506 0.303541 0.021332 0.056269
2 0.629589 0.302224 0.018347 0.054869
2 0.611639 0.307383 0.020157 0.053478
2 0.590568 0.311034 0.020098 0.052235
2 0.569812 0.316719 0.024417 0.051286
2 0.552008 0.318436 0.020675 0.056021
2 0.530211 0.321608 0.019671 0.053433
2 0.512122 0.327839 0.016163 0.051093
2 0.494276 0.335918 0.020676 0.058910
2 0.473021 0.341830 0.020678 0.056788
2 0.453575 0.349622 0.016433 0.058257
2 0.436522 0.357473 0.021291 0.058748
2 0.416961 0.364476 0.020523 0.066702
2 0.396373 0.373289 0.018170 0.066422
2 0.384218 0.320532 0.016700 0.040903
2 0.397044 0.326494 0.020596 0.053756
2 0.416873 0.321340 0.025689 0.047984
2 0.436471 0.310495 0.022065 0.065695
2 0.455010 0.301284 0.020483 0.063787
2 0.475553 0.296922 0.025073 0.060952
2 0.495244 0.287108 0.025035 0.064449
2 0.515113 0.281694 0.022334 0.060058
2 0.534866 0.276644 0.024264 0.057581
2 0.554001 0.276166 0.021947 0.060056
2 0.574371 0.270275 0.021099 0.070568
2 0.595174 0.267904 0.017206 0.059675
2 0.613672 0.262785 0.022102 0.060378
2 0.633599 0.258585 0.020520 0.066485
2 0.653639 0.255317 0.021255 0.062887
2 0.670827 0.249293 0.022294 0.059837
2 0.656398 0.209139 0.021060 0.062021
2 0.636587 0.216440 0.022643 0.056455
2 0.618974 0.217857 0.023374 0.056347
2 0.598432 0.225039 0.018785 0.052393
2 0.579122 0.225887 0.017125 0.056543
2 0.559100 0.229206 0.017358 0.052510
2 0.538808 0.235532 0.017973 0.057631
2 0.517028 0.242041 0.020635 0.053319
2 0.499377 0.244282 0.018669 0.056058
2 0.479819 0.251365 0.021141 0.056703
2 0.460124 0.257050 0.019018 0.051341
2 0.440139 0.258994 0.019865 0.058288
2 0.419885 0.266503 0.016858 0.055205
2 0.402873 0.273793 0.016234 0.052566
2 0.380549 0.272443 0.019473 0.055428
2 0.380823 0.239544 0.024956 0.063581
2 0.401137 0.233940 0.021641 0.059717
2 0.420815 0.220436 0.024422 0.059804
2 0.439755 0.219696 0.021524 0.051994
2 0.460375 0.213143 0.022718 0.058668
2 0.477851 0.208615 0.021716 0.059815
2 0.500293 0.203864 0.024572 0.061146
2 0.520854 0.203429 0.020404 0.056133
2 0.540665 0.197569 0.023298 0.056624
2 0.558020 0.192066 0.021382 0.051659
2 0.579804 0.188975 0.022875 0.046080
2 0.599857 0.185849 0.025034 0.057764
2 0.621942 0.179494 0.024770 0.052923
2 0.640251 0.170740 0.021255 0.055723
2 0.657303 0.160031 0.018787 0.054794
2 0.633698 0.132842 0.032797 0.062507
2 0.613058 0.139848 0.030866 0.057706
2 0.647144 0.128602 0.020798 0.049409
2 0.592503 0.146593 0.032527 0.059135
2 0.569279 0.153710 0.024775 0.059191
2 0.551821 0.155301 0.028167 0.057146
2 0.531471 0.158639 0.028746 0.056953
2 0.509925 0.161344 0.028628 0.058303
2 0.487626 0.165029 0.028168 0.057739
2 0.467162 0.168942 0.026274 0.058750
2 0.448295 0.172814 0.027279 0.056899
2 0.425709 0.180736 0.020684 0.054860
2 0.405474 0.187401 0.029824 0.057494
2 0.385510 0.193227 0.028860 0.059734
