0 0.708904 0.084542 0.054797 0.030868
0 0.660860 0.080725 0.061764 0.026646
0 0.614598 0.079171 0.063151 0.023527
0 0.753064 0.080628 0.056972 0.030177
0 0.563791 0.074901 0.046073 0.026442
0 0.485186 0.060530 0.049636 0.023825
0 0.527197 0.071485 0.053934 0.018801
0 0.803593 0.092729 0.063686 0.040816
0 0.446491 0.058772 0.043162 0.021514
0 0.403200 0.050381 0.060655 0.028249
1 0.515741 0.134171 0.064992 0.102747
1 0.468286 0.131609 0.070572 0.106064
1 0.429369 0.121508 0.062627 0.101141
1 0.563307 0.141417 0.061198 0.120157
1 0.608242 0.147934 0.072075 0.112233
1 0.667247 0.154967 0.061513 0.129235
1 0.717686 0.144008 0.074520 0.118701
1 0.771821 0.156819 0.063442 0.125152
1 0.815841 0.163486 0.049280 0.119362
1 0.729782 0.254951 0.069052 0.119123
1 0.679598 0.243682 0.071027 0.109618
1 0.623921 0.243960 0.061427 0.101635
1 0.777227 0.258177 0.064313 0.104622
1 0.572059 0.243903 0.069052 0.104560
1 0.523270 0.230289 0.060720 0.097431
1 0.477704 0.229255 0.059141 0.094141
1 0.427176 0.227096 0.058351 0.101026
1 0.380546 0.213243 0.058242 0.109982
1 0.665764 0.332616 0.062186 0.107727
1 0.619092 0.321957 0.055465 0.103951
1 0.565141 0.322539 0.061128 0.109617
1 0.714231 0.332065 0.068701 0.105779
1 0.769373 0.335169 0.056772 0.092494
1 0.516546 0.318680 0.051179 0.100842
1 0.471948 0.316397 0.053205 0.109554
1 0.428609 0.305342 0.051910 0.107543
1 0.379341 0.301080 0.050470 0.105958
1 0.328600 0.292169 0.051674 0.098244
1 0.302605 0.379192 0.053076 0.093957
1 0.349343 0.391438 0.062007 0.106386
1 0.399151 0.392348 0.067638 0.117965
1 0.440643 0.404470 0.062968 0.104438
1 0.488538 0.409463 0.064198 0.108704
1 0.535995 0.417716 0.063052 0.108398
1 0.586743 0.419205 0.069109 0.105779
1 0.630144 0.423531 0.065064 0.097979
1 0.678487 0.435775 0.065650 0.095299
1 0.721715 0.444149 0.071179 0.109252
1 0.724920 0.526406 0.050026 0.098403
1 0.674975 0.518031 0.040476 0.106872
1 0.625865 0.511911 0.044995 0.113393
1 0.581213 0.503505 0.047163 0.105107
1 0.539144 0.497293 0.055520 0.119242
1 0.488580 0.499064 0.055653 0.125213
1 0.434196 0.486060 0.049280 0.112115
1 0.387608 0.484083 0.050701 0.114734
1 0.343918 0.481130 0.049549 0.110408
1 0.293380 0.487136 0.056036 0.118024
1 0.288635 0.578067 0.065083 0.099194
1 0.333646 0.577423 0.063336 0.101449
1 0.373321 0.579035 0.057618 0.078357
1 0.422420 0.575207 0.058936 0.095692
1 0.460807 0.580673 0.053268 0.092735
1 0.505019 0.585256 0.057567 0.092038
1 0.543217 0.591452 0.073390 0.093836
1 0.581375 0.599949 0.071261 0.093774
1 0.626887 0.602474 0.067612 0.099075
1 0.669736 0.607711 0.075834 0.096394
1 0.389045 0.115040 0.064819 0.093710
1 0.337938 0.198091 0.059600 0.103497
