0 0.063503 0.408031 0.066192 0.050239
0 0.105554 0.387764 0.068776 0.066657
0 0.151137 0.368227 0.058993 0.060441
0 0.195146 0.354944 0.055331 0.060801
0 0.237846 0.343116 0.060845 0.059305
0 0.276651 0.330187 0.065834 0.059919
0 0.317712 0.312872 0.064382 0.061839
0 0.361398 0.291673 0.055539 0.064877
0 0.409636 0.268793 0.069816 0.065039
0 0.454436 0.253023 0.072538 0.069975
0 0.498644 0.233189 0.064024 0.069623
0 0.546812 0.206701 0.073241 0.078634
0 0.596128 0.183195 0.079745 0.076001
0 0.641571 0.161456 0.063288 0.074573
0 0.684830 0.127173 0.070170 0.100659
1 0.727737 0.212504 0.074752 0.146097
1 0.685369 0.238287 0.083718 0.132673
1 0.631194 0.250216 0.104763 0.128906
1 0.579201 0.274979 0.083281 0.115797
1 0.532380 0.308464 0.084664 0.137052
1 0.482868 0.331378 0.078621 0.127428
1 0.441940 0.352492 0.081424 0.135245
1 0.400175 0.366466 0.078170 0.137493
1 0.363902 0.392806 0.085686 0.138958
1 0.319238 0.409689 0.091617 0.143516
1 0.273239 0.424453 0.097918 0.139255
1 0.232053 0.434588 0.084430 0.133177
1 0.192584 0.449766 0.081455 0.133266
1 0.149077 0.458017 0.072570 0.141530
1 0.099268 0.474921 0.077458 0.125220
0 0.063659 0.501825 0.056540 0.056653
0 0.044931 0.455516 0.044339 0.070563
1 0.347659 0.536245 0.064366 0.149677
1 0.393030 0.525819 0.062932 0.145639
1 0.427693 0.500494 0.063517 0.159153
1 0.472438 0.478639 0.065429 0.168405
1 0.519432 0.464886 0.068277 0.156276
1 0.561190 0.450018 0.066075 0.171822
1 0.603591 0.419918 0.068181 0.171112
1 0.718026 0.367119 0.083413 0.145307
1 0.665481 0.397227 0.064866 0.175222
1 0.302191 0.544231 0.057490 0.153273
1 0.257297 0.546970 0.070610 0.135748
1 0.211326 0.558386 0.053360 0.145702
1 0.164905 0.569046 0.065938 0.135875
0 0.770441 0.368565 0.045636 0.092654
0 0.757567 0.316681 0.058304 0.070508
1 0.228749 0.670602 0.079148 0.116781
1 0.270996 0.654384 0.077096 0.124501
1 0.317071 0.647189 0.081953 0.112290
1 0.360991 0.636875 0.081084 0.111607
1 0.405863 0.629160 0.069193 0.119052
1 0.453948 0.617987 0.083164 0.127657
1 0.494078 0.600097 0.076608 0.108064
1 0.533211 0.586452 0.077213 0.121164
1 0.582931 0.570388 0.089806 0.131442
1 0.621490 0.551280 0.085335 0.142573
1 0.657971 0.534183 0.089160 0.122675
1 0.702195 0.509559 0.080092 0.145990
1 0.751711 0.490529 0.082146 0.141837
1 0.796248 0.486835 0.086017 0.149392
