0 0.594461 0.743051 0.056241 0.038101
0 0.553530 0.742427 0.063115 0.034354
0 0.513849 0.747424 0.061240 0.030606
0 0.471044 0.749610 0.064364 0.037477
0 0.426364 0.753358 0.054991 0.028732
0 0.636329 0.745238 0.064989 0.029981
0 0.672885 0.737742 0.050617 0.031231
0 0.711286 0.738367 0.057429 0.037477
0 0.378872 0.747111 0.047492 0.042474
0 0.339412 0.746544 0.051163 0.031231
2 0.382374 0.694232 0.051163 0.103061
2 0.342536 0.686034 0.053507 0.106184
2 0.300161 0.684278 0.053116 0.098767
0 0.298598 0.737772 0.045305 0.030036
2 0.427288 0.687010 0.055850 0.105013
2 0.474219 0.692969 0.054688 0.107813
2 0.516141 0.690133 0.047648 0.096425
2 0.557149 0.686620 0.052335 0.101890
2 0.599266 0.685527 0.057022 0.109307
2 0.642814 0.684160 0.054288 0.104232
2 0.685580 0.678695 0.053116 0.101890
2 0.734400 0.675767 0.048429 0.103842
2 0.581496 0.614672 0.040228 0.110478
2 0.621724 0.613111 0.038665 0.115944
2 0.662732 0.616038 0.045696 0.099157
2 0.704718 0.609402 0.043743 0.092130
2 0.535605 0.618966 0.045305 0.098767
2 0.489519 0.621504 0.038275 0.103842
2 0.447339 0.615453 0.039837 0.111259
2 0.404827 0.616699 0.040618 0.094863
2 0.362646 0.615918 0.040618 0.112040
2 0.317732 0.616113 0.043743 0.096034
2 0.269302 0.612405 0.035150 0.094863
2 0.329229 0.538037 0.056582 0.106184
2 0.373972 0.536866 0.059365 0.106184
2 0.281995 0.546820 0.062099 0.112821
2 0.417715 0.531595 0.050773 0.102671
2 0.463997 0.527496 0.052726 0.103061
2 0.505396 0.535304 0.049601 0.117115
2 0.548748 0.536085 0.051163 0.105403
2 0.597113 0.533411 0.053507 0.102280
2 0.641247 0.531655 0.055069 0.094082
2 0.681279 0.533802 0.059365 0.102280
2 0.729904 0.537120 0.056631 0.113602
2 0.721012 0.472675 0.069129 0.092521
2 0.681956 0.469162 0.078503 0.110478
2 0.635284 0.463111 0.071863 0.095254
2 0.591737 0.465258 0.070691 0.104232
2 0.548970 0.465258 0.079674 0.108136
2 0.497595 0.459790 0.064442 0.104232
2 0.450923 0.461937 0.063271 0.103061
2 0.414211 0.460571 0.058584 0.106575
2 0.372421 0.461157 0.071082 0.111650
2 0.327702 0.460181 0.080065 0.108136
2 0.279858 0.464280 0.096078 0.115553
