3 0.433965 0.530870 0.049992 0.070629
3 0.384695 0.541441 0.050472 0.066786
3 0.342469 0.546005 0.041669 0.073993
3 0.298170 0.555615 0.057202 0.073993
3 0.265964 0.558017 0.053357 0.069188
3 0.224865 0.555855 0.050953 0.072551
3 0.188333 0.551050 0.054799 0.070629
3 0.478910 0.527987 0.055279 0.066786
3 0.529382 0.522222 0.065854 0.070629
3 0.571683 0.517657 0.058163 0.072071
3 0.611340 0.515015 0.049030 0.069668
3 0.666138 0.490030 0.039417 0.061020
3 0.654842 0.540960 0.045665 0.040840
3 0.692816 0.549609 0.036052 0.037957
3 0.698585 0.497407 0.029322 0.065486
3 0.726465 0.511171 0.038936 0.064864
3 0.725744 0.557296 0.033648 0.039879
3 0.759152 0.565945 0.029322 0.039879
3 0.785590 0.572191 0.025477 0.035074
3 0.726861 0.598663 0.039897 0.047567
3 0.687205 0.593138 0.042301 0.052852
3 0.645144 0.583768 0.045665 0.047567
3 0.765557 0.609474 0.039417 0.046125
3 0.799205 0.613743 0.030764 0.043352
3 0.793197 0.657661 0.037013 0.036235
3 0.723497 0.643587 0.038936 0.043242
3 0.680475 0.635900 0.038455 0.045164
3 0.650191 0.631095 0.028841 0.041321
3 0.825883 0.661364 0.042781 0.040360
3 0.829969 0.620044 0.034610 0.040360
3 0.755469 0.692187 0.042188 0.040625
3 0.715795 0.685133 0.045185 0.040840
3 0.672533 0.679367 0.049030 0.041801
3 0.787659 0.692580 0.034129 0.041321
3 0.819624 0.696664 0.035571 0.037957
3 0.707383 0.724772 0.051434 0.045164
3 0.668688 0.717805 0.045185 0.038918
3 0.748482 0.730778 0.044223 0.041801
3 0.779487 0.733661 0.034129 0.043723
3 0.805444 0.736355 0.035090 0.037373
3 0.700654 0.765612 0.048550 0.043242
3 0.740551 0.773780 0.041820 0.049969
3 0.775882 0.776903 0.037494 0.043723
3 0.810251 0.777864 0.029322 0.040840
3 0.658113 0.754561 0.051914 0.045164
3 0.690559 0.809815 0.058163 0.052852
3 0.735023 0.822548 0.054799 0.049489
3 0.776843 0.820146 0.043262 0.044684
3 0.679023 0.850655 0.056241 0.039399
3 0.718680 0.861466 0.052876 0.039879
3 0.645374 0.830235 0.049511 0.035074
3 0.653306 0.791077 0.053837 0.039399
3 0.577117 0.768975 0.029322 0.030750
3 0.468961 0.794440 0.025477 0.026906
3 0.431708 0.834319 0.039417 0.034594
3 0.630233 0.869634 0.041339 0.045645
3 0.610765 0.781468 0.046627 0.044203
3 0.664121 0.885970 0.051434 0.038918
3 0.704259 0.899664 0.052876 0.043242
3 0.757856 0.868433 0.042781 0.042282
3 0.791504 0.860505 0.027399 0.033153
3 0.612292 0.815581 0.027229 0.039399
3 0.606439 0.857622 0.036052 0.038918
3 0.573511 0.842487 0.041339 0.036516
3 0.539623 0.796602 0.037013 0.038918
3 0.537700 0.837923 0.037013 0.032192
3 0.602353 0.902066 0.044223 0.048047
3 0.497301 0.918118 0.037974 0.043242
3 0.467018 0.917878 0.043743 0.049489
3 0.568924 0.886887 0.045665 0.040360
3 0.580461 0.811693 0.036052 0.043723
3 0.646315 0.915475 0.058163 0.042762
3 0.596323 0.939499 0.040859 0.028348
3 0.559070 0.927727 0.046146 0.033633
3 0.686212 0.928448 0.037974 0.025465
3 0.632856 0.945265 0.037013 0.034113
3 0.504271 0.954874 0.053837 0.036035
3 0.557147 0.958237 0.047108 0.032192
3 0.503070 0.869830 0.038936 0.036035
3 0.466297 0.872473 0.045185 0.045164
3 0.406691 0.884245 0.051914 0.044684
3 0.222799 0.609387 0.040859 0.037957
3 0.230249 0.649986 0.038455 0.042282
3 0.268224 0.608906 0.046146 0.037957
3 0.191073 0.602660 0.026438 0.036035
3 0.194919 0.638936 0.030283 0.037477
3 0.346816 0.594972 0.044704 0.035074
3 0.311005 0.606263 0.047108 0.048047
3 0.613499 0.717284 0.060567 0.033633
3 0.574803 0.743710 0.050472 0.035555
3 0.369407 0.904762 0.052876 0.049489
3 0.397287 0.834133 0.038455 0.042762
3 0.431175 0.921579 0.037974 0.042762
3 0.540543 0.873739 0.047588 0.039399
3 0.530208 0.914099 0.038455 0.042282
