0 0.435368 0.759033 0.026194 0.015350
0 0.417116 0.760023 0.030374 0.024263
0 0.393848 0.756804 0.032882 0.019807
0 0.374495 0.752843 0.032575 0.024759
0 0.353860 0.754328 0.024801 0.019807
0 0.336304 0.749624 0.025915 0.019312
0 0.315823 0.748386 0.022293 0.021788
0 0.298742 0.754911 0.030899 0.024234
0 0.454956 0.761159 0.027702 0.022341
0 0.477118 0.764756 0.032816 0.022720
0 0.494165 0.767217 0.032390 0.020069
0 0.515901 0.770625 0.025145 0.017040
0 0.530178 0.773276 0.023014 0.020826
2 0.522293 0.743740 0.020883 0.043546
2 0.503115 0.739575 0.021736 0.045061
2 0.482810 0.735883 0.021434 0.043451
2 0.542346 0.746779 0.018569 0.047504
2 0.465829 0.733871 0.018566 0.041037
2 0.445024 0.731188 0.028226 0.046938
2 0.423213 0.726629 0.021434 0.049084
2 0.402836 0.726763 0.023547 0.042915
2 0.381567 0.724638 0.022192 0.041868
2 0.358469 0.725040 0.024004 0.045894
2 0.340580 0.723027 0.021739 0.045089
2 0.322690 0.726248 0.020380 0.041868
2 0.306839 0.725040 0.021286 0.042673
2 0.286911 0.721417 0.018569 0.043478
2 0.312047 0.688808 0.024457 0.042673
2 0.291667 0.689614 0.018116 0.041063
2 0.330842 0.689211 0.022192 0.045089
2 0.349475 0.682428 0.024151 0.059544
2 0.370758 0.686317 0.023547 0.058203
2 0.391135 0.687792 0.023547 0.060617
2 0.411512 0.689536 0.022037 0.061422
2 0.429776 0.691011 0.020226 0.055789
2 0.450304 0.693827 0.025358 0.058203
2 0.470514 0.697850 0.024030 0.055146
2 0.491525 0.698922 0.023547 0.062870
2 0.512838 0.702248 0.023426 0.058793
2 0.502151 0.660943 0.018717 0.057721
2 0.480537 0.656008 0.018717 0.055146
2 0.458680 0.656115 0.021132 0.054073
2 0.438092 0.653003 0.018354 0.049996
2 0.418953 0.650858 0.017992 0.045704
2 0.519962 0.661050 0.016422 0.053644
2 0.399889 0.650189 0.018837 0.048279
2 0.379542 0.646113 0.017992 0.053429
2 0.360161 0.645362 0.020045 0.054073
2 0.338909 0.643752 0.020286 0.053000
2 0.319347 0.641392 0.020045 0.050854
2 0.532893 0.703524 0.020407 0.057721
2 0.538508 0.659322 0.019562 0.054287
2 0.552274 0.703202 0.024392 0.062227
2 0.548048 0.614624 0.023909 0.056994
2 0.525950 0.615202 0.022943 0.058579
2 0.507837 0.614451 0.024151 0.065660
2 0.487490 0.614022 0.025237 0.061797
2 0.466678 0.613859 0.025358 0.063729
2 0.446150 0.611821 0.025117 0.065231
2 0.426829 0.609782 0.022702 0.059866
2 0.406543 0.606456 0.026324 0.062656
2 0.384674 0.605260 0.024392 0.062012
2 0.364750 0.601076 0.025117 0.062656
2 0.344705 0.599359 0.024875 0.060081
2 0.323996 0.598716 0.024271 0.060081
2 0.304695 0.598071 0.026445 0.061368
2 0.299442 0.642059 0.019803 0.051069
2 0.280363 0.641629 0.016181 0.048923
2 0.283080 0.596354 0.020649 0.057077
2 0.271241 0.687839 0.022943 0.053000
2 0.267317 0.599112 0.018958 0.048065
2 0.314114 0.558878 0.020166 0.051283
2 0.293948 0.558235 0.019441 0.049567
2 0.273964 0.554801 0.016905 0.049996
2 0.336936 0.560595 0.016060 0.046134
2 0.355109 0.564565 0.018113 0.043344
2 0.376796 0.566828 0.020286 0.046992
2 0.397324 0.568973 0.016422 0.045704
2 0.418335 0.569617 0.018596 0.053429
2 0.439104 0.573157 0.018113 0.050210
2 0.458738 0.575250 0.018234 0.049138
2 0.477915 0.574433 0.019441 0.049352
2 0.497416 0.575720 0.018596 0.048923
2 0.518910 0.574969 0.017871 0.053429
2 0.539136 0.577330 0.018234 0.061154
2 0.527303 0.527870 0.028135 0.067806
2 0.504843 0.532698 0.027894 0.065016
2 0.483530 0.530660 0.030430 0.068235
2 0.463485 0.531073 0.028739 0.069554
2 0.421990 0.526737 0.028739 0.068020
2 0.442579 0.526845 0.030792 0.067376
2 0.402851 0.525235 0.029826 0.067162
2 0.381176 0.523733 0.028498 0.070166
2 0.359984 0.524699 0.027894 0.064802
2 0.337409 0.518921 0.033514 0.070048
2 0.314355 0.517669 0.037554 0.068664
2 0.292861 0.513914 0.034173 0.068020
2 0.274023 0.510588 0.031033 0.067376
2 0.258990 0.516596 0.018354 0.050640
2 0.256937 0.553610 0.019079 0.039696
2 0.262481 0.638886 0.021077 0.041936
