0 0.451983 0.749728 0.026035 0.015809
0 0.431819 0.746568 0.027935 0.018740
0 0.473656 0.752517 0.022878 0.014737
0 0.414518 0.745543 0.024430 0.019782
0 0.394152 0.742303 0.028445 0.022932
0 0.369405 0.734592 0.026885 0.019769
0 0.353606 0.731859 0.023852 0.019922
0 0.335183 0.726073 0.022775 0.016158
0 0.321375 0.724953 0.023513 0.015547
0 0.303818 0.721982 0.024617 0.019062
0 0.285086 0.722708 0.020035 0.011135
0 0.269973 0.723906 0.024016 0.012889
0 0.249645 0.723619 0.026082 0.015137
2 0.273578 0.661452 0.021934 0.047055
2 0.290120 0.662889 0.019738 0.048484
2 0.256457 0.660547 0.019131 0.046082
2 0.261517 0.698497 0.020214 0.039889
2 0.295535 0.699061 0.020737 0.037783
2 0.278489 0.698854 0.021463 0.041885
2 0.311942 0.699055 0.020754 0.035989
2 0.328472 0.703693 0.020349 0.037618
2 0.347229 0.705174 0.019923 0.031809
2 0.244328 0.698678 0.021675 0.035429
2 0.240752 0.666284 0.018744 0.041800
2 0.306140 0.665962 0.019288 0.050091
2 0.322966 0.668394 0.018183 0.045115
2 0.338917 0.671947 0.021042 0.048845
2 0.302305 0.630778 0.017995 0.044932
2 0.268126 0.627099 0.017975 0.046786
2 0.286325 0.628644 0.014155 0.044034
2 0.253510 0.626820 0.018606 0.047627
2 0.240700 0.624001 0.014522 0.041300
2 0.319464 0.634857 0.015400 0.044271
2 0.336812 0.640220 0.018201 0.043762
2 0.354668 0.643253 0.014912 0.044385
2 0.357719 0.676816 0.022385 0.049366
2 0.365029 0.712118 0.020252 0.040518
2 0.375541 0.682496 0.022163 0.050784
2 0.383998 0.715374 0.023144 0.045509
2 0.394897 0.687129 0.020017 0.049086
2 0.413697 0.691672 0.021690 0.048571
2 0.405218 0.720225 0.020016 0.040243
2 0.428637 0.694789 0.023476 0.046430
2 0.422183 0.725351 0.018558 0.035208
2 0.439792 0.726347 0.017786 0.038097
2 0.449157 0.696649 0.023081 0.048999
2 0.456860 0.731044 0.021039 0.038947
2 0.477027 0.735132 0.018822 0.033811
2 0.463624 0.702377 0.021675 0.048347
2 0.482229 0.705793 0.019039 0.040567
2 0.477521 0.670790 0.014261 0.052788
2 0.493419 0.671654 0.013758 0.052750
2 0.497353 0.706478 0.015028 0.035935
2 0.460963 0.664672 0.015469 0.051511
2 0.443511 0.665519 0.016936 0.044381
2 0.426204 0.660235 0.016795 0.041945
2 0.408809 0.656539 0.015627 0.042535
2 0.390728 0.654541 0.015356 0.037854
2 0.372591 0.647882 0.016985 0.042262
2 0.262796 0.587760 0.015198 0.055355
2 0.278652 0.591387 0.019223 0.050320
2 0.295163 0.595638 0.021311 0.052814
2 0.312054 0.599710 0.020806 0.046410
2 0.348952 0.607670 0.021121 0.055816
2 0.329986 0.605064 0.021643 0.051143
2 0.367431 0.608933 0.022085 0.050377
2 0.384329 0.614911 0.021404 0.058630
2 0.403147 0.621822 0.021913 0.054935
2 0.419691 0.623043 0.020601 0.052775
2 0.436012 0.629055 0.022117 0.057483
2 0.454577 0.631339 0.023979 0.053047
2 0.472928 0.630932 0.020647 0.049203
2 0.488056 0.633954 0.018702 0.049605
2 0.504304 0.637049 0.017064 0.053486
2 0.470449 0.593421 0.014677 0.058509
2 0.452375 0.594651 0.016448 0.047005
2 0.487438 0.593982 0.016008 0.055456
2 0.503844 0.589023 0.013844 0.056833
2 0.434311 0.589550 0.015477 0.038909
2 0.416244 0.585475 0.017422 0.048708
2 0.397878 0.581002 0.017882 0.051075
2 0.379736 0.577311 0.016686 0.041331
2 0.362326 0.573006 0.015699 0.045971
2 0.343968 0.567738 0.015257 0.048911
2 0.326554 0.567494 0.017310 0.050163
2 0.308285 0.561286 0.016448 0.051890
2 0.290746 0.556721 0.016096 0.052909
2 0.273735 0.551341 0.017061 0.053603
2 0.247621 0.584492 0.019630 0.042129
2 0.256946 0.544744 0.016256 0.049808
2 0.257939 0.509436 0.024613 0.060332
2 0.278608 0.517680 0.024484 0.060058
2 0.300208 0.521528 0.023599 0.061196
2 0.319574 0.528662 0.024649 0.056593
2 0.335666 0.532077 0.026516 0.060352
2 0.354713 0.534698 0.027103 0.060507
2 0.372494 0.534196 0.023579 0.059521
2 0.389786 0.538411 0.023762 0.056731
2 0.408255 0.544430 0.022126 0.055571
2 0.425606 0.550172 0.023593 0.060719
2 0.442334 0.551644 0.026189 0.056465
2 0.460055 0.555029 0.023326 0.058389
2 0.479264 0.553405 0.024210 0.058926
2 0.496666 0.549916 0.025554 0.051838
