0 0.314663 0.738568 0.025776 0.020751
0 0.295305 0.735819 0.028847 0.029949
0 0.270886 0.728886 0.030838 0.026916
0 0.250198 0.721456 0.031987 0.031019
0 0.228673 0.719030 0.023848 0.025326
0 0.209917 0.711102 0.024513 0.025171
0 0.187909 0.706258 0.021079 0.026091
0 0.168422 0.708767 0.032188 0.028585
0 0.336509 0.743900 0.026436 0.028140
0 0.358844 0.751694 0.031134 0.028537
0 0.377308 0.756940 0.031134 0.026581
0 0.399551 0.764859 0.024133 0.022612
0 0.414769 0.769907 0.021785 0.025382
2 0.410917 0.737654 0.026329 0.048815
2 0.390471 0.729277 0.026792 0.049583
2 0.369879 0.721137 0.027227 0.047425
2 0.431377 0.743268 0.024753 0.051453
2 0.353651 0.716174 0.019046 0.046040
2 0.328126 0.710341 0.029975 0.053497
2 0.307214 0.701213 0.026509 0.053329
2 0.285737 0.698087 0.028566 0.047410
2 0.263044 0.692130 0.026518 0.047573
2 0.238283 0.688224 0.030428 0.049696
2 0.220520 0.682739 0.029154 0.049287
2 0.200313 0.682369 0.027101 0.044737
2 0.184017 0.677958 0.031110 0.046007
2 0.162779 0.671977 0.022310 0.048939
2 0.202106 0.640499 0.029942 0.047669
2 0.178766 0.637855 0.021233 0.046068
2 0.221732 0.643749 0.027685 0.049348
2 0.241584 0.640046 0.028371 0.065429
2 0.264612 0.647461 0.026808 0.063731
2 0.284983 0.652828 0.027231 0.066574
2 0.308024 0.657993 0.026545 0.067817
2 0.326144 0.663412 0.021623 0.061409
2 0.347494 0.670035 0.027459 0.065296
2 0.368873 0.677828 0.027888 0.060234
2 0.391326 0.682325 0.027185 0.067885
2 0.413197 0.689420 0.027959 0.063560
2 0.411065 0.643317 0.022852 0.063976
2 0.388245 0.634129 0.023033 0.061161
2 0.365076 0.630742 0.022411 0.059995
2 0.344028 0.623022 0.020557 0.054495
2 0.323705 0.618185 0.021544 0.051099
2 0.431013 0.646607 0.021098 0.058859
2 0.302331 0.613496 0.021726 0.053505
2 0.281794 0.605455 0.022093 0.059376
2 0.260381 0.601442 0.023371 0.060538
2 0.239117 0.596314 0.022384 0.058553
2 0.215492 0.589834 0.024807 0.056962
2 0.432273 0.694342 0.022587 0.062703
2 0.450216 0.647228 0.023032 0.058622
2 0.457384 0.698389 0.033192 0.067677
2 0.472745 0.600628 0.030540 0.062891
2 0.448431 0.597083 0.027260 0.063118
2 0.428574 0.593080 0.027890 0.071326
2 0.407543 0.589146 0.029193 0.067444
2 0.384860 0.585331 0.030262 0.069735
2 0.362890 0.579618 0.028752 0.070669
2 0.343188 0.574857 0.026924 0.066464
2 0.321947 0.566649 0.030107 0.068075
2 0.299170 0.561664 0.027941 0.067616
2 0.278113 0.553913 0.028204 0.068924
2 0.256182 0.548596 0.030418 0.065446
2 0.234355 0.544657 0.026795 0.066573
2 0.214596 0.539798 0.030395 0.067593
2 0.194072 0.587216 0.027021 0.056510
2 0.176675 0.583615 0.018339 0.055043
2 0.191384 0.534839 0.021081 0.062541
2 0.154130 0.632393 0.033072 0.057625
2 0.171532 0.534613 0.019217 0.052979
2 0.231660 0.499252 0.022927 0.057410
2 0.210300 0.494270 0.022384 0.054200
2 0.190139 0.487705 0.021049 0.056673
2 0.256409 0.504925 0.018884 0.050955
2 0.275965 0.512472 0.019904 0.048328
2 0.298310 0.517966 0.022126 0.051736
2 0.319395 0.524675 0.019354 0.050298
2 0.342354 0.529125 0.022005 0.058624
2 0.363857 0.536277 0.021913 0.055341
2 0.384668 0.541562 0.022771 0.052946
2 0.407226 0.544825 0.021054 0.054191
2 0.428189 0.549812 0.019926 0.053456
2 0.450984 0.552646 0.023177 0.057998
2 0.474559 0.558412 0.026544 0.065559
2 0.472727 0.501347 0.030340 0.074899
2 0.449661 0.502490 0.029657 0.072760
2 0.427311 0.497179 0.030834 0.076349
2 0.404833 0.493892 0.029817 0.077499
2 0.361422 0.481832 0.027570 0.076261
2 0.383052 0.486354 0.028669 0.076435
2 0.339010 0.476299 0.032844 0.075679
2 0.318499 0.471894 0.028720 0.080815
2 0.294806 0.469448 0.027154 0.072901
2 0.273151 0.458681 0.031811 0.080660
2 0.249035 0.453817 0.036146 0.079262
2 0.225109 0.445503 0.030253 0.077513
2 0.202593 0.439340 0.026010 0.077256
2 0.181736 0.443011 0.019140 0.056515
2 0.173415 0.483315 0.018345 0.046142
2 0.157457 0.577322 0.023480 0.046161
