0 0.282729 0.340606 0.025383 0.016742
0 0.268749 0.342302 0.027881 0.019203
0 0.299421 0.339428 0.022567 0.017183
0 0.313204 0.339338 0.022257 0.015240
0 0.324985 0.339741 0.026087 0.018299
0 0.343926 0.337995 0.025120 0.016452
0 0.374341 0.328374 0.019844 0.020022
0 0.358529 0.334245 0.020066 0.017155
0 0.384432 0.327962 0.028295 0.018360
0 0.405772 0.323850 0.031572 0.024035
0 0.423196 0.322109 0.030398 0.016116
0 0.441119 0.322587 0.023945 0.014961
0 0.456022 0.323117 0.023325 0.014451
0 0.470426 0.321580 0.024878 0.012635
0 0.488227 0.321620 0.019770 0.007737
2 0.333864 0.364058 0.016873 0.035285
2 0.319297 0.367198 0.017026 0.036085
2 0.305380 0.368792 0.016137 0.037895
2 0.288957 0.368485 0.018374 0.035297
2 0.275088 0.367644 0.018050 0.035866
2 0.348089 0.363846 0.016091 0.030998
2 0.361525 0.360363 0.019927 0.034326
2 0.380236 0.353256 0.017332 0.035194
2 0.396072 0.353161 0.018089 0.034964
2 0.415205 0.350357 0.021986 0.037603
2 0.432986 0.350239 0.014383 0.038169
2 0.447248 0.348787 0.013874 0.033612
2 0.462792 0.348659 0.012935 0.035846
2 0.478073 0.346728 0.017307 0.034625
2 0.496553 0.342922 0.020051 0.031571
2 0.375455 0.388144 0.019130 0.046468
2 0.358660 0.392273 0.018501 0.045738
2 0.343203 0.394866 0.017090 0.043812
2 0.328750 0.396714 0.016048 0.042828
2 0.313710 0.399227 0.018446 0.045185
2 0.298532 0.400364 0.017923 0.044544
2 0.390596 0.384768 0.019169 0.055099
2 0.406127 0.382956 0.018201 0.043930
2 0.424537 0.379495 0.018352 0.044827
2 0.440820 0.380294 0.015953 0.041491
2 0.456407 0.380185 0.016069 0.043217
2 0.471951 0.376944 0.020376 0.046132
2 0.487859 0.375134 0.016524 0.039095
2 0.504045 0.369158 0.022942 0.040374
2 0.500684 0.405923 0.018015 0.049626
2 0.483976 0.406283 0.015148 0.047262
2 0.467796 0.409375 0.015249 0.042948
2 0.454795 0.415233 0.015930 0.048564
2 0.436607 0.418719 0.016003 0.051831
2 0.420471 0.417670 0.015665 0.049413
2 0.403902 0.417912 0.015937 0.038686
2 0.387559 0.420247 0.014785 0.044877
2 0.370945 0.425098 0.013942 0.048382
2 0.355025 0.426471 0.015968 0.050913
2 0.339118 0.430110 0.013605 0.054189
2 0.324312 0.431525 0.014282 0.046927
2 0.309362 0.433870 0.013094 0.048150
2 0.294330 0.437852 0.012874 0.049935
2 0.278428 0.436969 0.015458 0.048562
2 0.283676 0.401465 0.018234 0.053893
2 0.267584 0.400651 0.019633 0.045103
2 0.261708 0.446848 0.016088 0.047856
2 0.270176 0.470020 0.016423 0.040362
2 0.284888 0.466787 0.016652 0.038479
2 0.300165 0.464866 0.017748 0.048717
2 0.315259 0.466474 0.020831 0.050963
2 0.331270 0.463018 0.017920 0.048994
2 0.347217 0.459451 0.019293 0.047763
2 0.364155 0.458939 0.018937 0.051175
2 0.380485 0.457743 0.022177 0.049779
2 0.398316 0.453544 0.021967 0.052819
2 0.414989 0.449216 0.022569 0.051669
2 0.431471 0.448055 0.019917 0.050111
2 0.444873 0.446102 0.015935 0.049896
2 0.462642 0.443598 0.017893 0.051134
2 0.479216 0.441644 0.019892 0.048162
2 0.494001 0.436520 0.017896 0.046683
2 0.508857 0.437787 0.017842 0.041972
2 0.476913 0.478466 0.015964 0.056980
2 0.460235 0.478717 0.016082 0.050698
2 0.443798 0.482066 0.015717 0.044153
2 0.426403 0.487616 0.016461 0.049909
2 0.409055 0.490062 0.016616 0.052456
2 0.493174 0.473338 0.014612 0.048899
2 0.508243 0.475355 0.016359 0.057519
2 0.522733 0.479055 0.015459 0.043874
2 0.393180 0.491267 0.015391 0.047421
2 0.376043 0.493767 0.014859 0.048245
2 0.360149 0.496546 0.014449 0.047710
2 0.343337 0.499086 0.015469 0.052736
2 0.326618 0.503446 0.017469 0.058394
2 0.310966 0.505186 0.013605 0.053254
2 0.294189 0.504520 0.016238 0.050021
2 0.279631 0.510602 0.015456 0.048392
2 0.261065 0.514056 0.018827 0.040552
2 0.279349 0.546219 0.021204 0.056342
2 0.299310 0.546468 0.021726 0.059196
2 0.315421 0.544827 0.020320 0.057607
2 0.332300 0.538442 0.022982 0.060495
2 0.348808 0.534697 0.022392 0.058950
2 0.366260 0.533156 0.022517 0.058807
2 0.383977 0.531530 0.024511 0.057216
2 0.401717 0.527692 0.022029 0.056780
2 0.417566 0.524401 0.021742 0.051678
2 0.434766 0.520089 0.020708 0.059428
2 0.451519 0.520713 0.021689 0.057638
2 0.467609 0.518520 0.022902 0.056884
2 0.486090 0.517280 0.021878 0.055970
2 0.502309 0.514759 0.024980 0.055500
2 0.517953 0.518720 0.021885 0.047697
