0 0.377078 0.317093 0.050606 0.035967
0 0.414144 0.308783 0.059130 0.029764
0 0.714027 0.263607 0.035222 0.032654
0 0.736557 0.259285 0.032637 0.025858
0 0.685346 0.269705 0.055297 0.032025
0 0.642475 0.279372 0.042319 0.022207
0 0.445169 0.305183 0.043577 0.025839
0 0.481346 0.299606 0.041329 0.031710
0 0.516398 0.294981 0.039247 0.021710
0 0.551030 0.287710 0.048100 0.026405
0 0.582824 0.288223 0.049053 0.033165
0 0.613691 0.284009 0.036765 0.035681
0 0.763234 0.255097 0.038158 0.024824
0 0.339332 0.325232 0.051582 0.031415
0 0.303808 0.331435 0.050082 0.037658
0 0.269639 0.339781 0.045320 0.038187
0 0.229649 0.345960 0.052013 0.042897
0 0.093715 0.341248 0.043160 0.019632
0 0.126893 0.352906 0.047797 0.029689
0 0.165344 0.351908 0.064200 0.037564
0 0.195868 0.352817 0.047605 0.042070
1 0.126948 0.410943 0.048295 0.084738
1 0.160170 0.417189 0.045696 0.088283
1 0.202424 0.409694 0.043435 0.077142
1 0.236240 0.409336 0.040231 0.103872
1 0.273909 0.402738 0.042244 0.088880
1 0.306710 0.396539 0.036291 0.091742
1 0.344818 0.385154 0.039391 0.091930
1 0.385718 0.382683 0.049589 0.087543
1 0.487823 0.353172 0.042035 0.082992
1 0.445259 0.369862 0.049458 0.100930
1 0.417206 0.369722 0.050019 0.095813
1 0.525868 0.351600 0.037553 0.091105
1 0.559210 0.348285 0.037349 0.087055
1 0.591065 0.339560 0.044897 0.081483
1 0.626011 0.336027 0.035718 0.084780
1 0.657575 0.329331 0.041245 0.081173
1 0.690030 0.325990 0.036671 0.088408
1 0.724515 0.320345 0.045047 0.092934
1 0.754849 0.313617 0.035475 0.092578
1 0.789635 0.323436 0.035935 0.091971
1 0.687267 0.407088 0.030233 0.075044
1 0.715709 0.402359 0.031772 0.077816
1 0.746044 0.401570 0.042220 0.079132
1 0.782275 0.405631 0.043225 0.087833
1 0.654624 0.409652 0.040696 0.080343
1 0.510002 0.429544 0.036965 0.071214
1 0.545821 0.421005 0.032888 0.073625
1 0.582576 0.425016 0.036204 0.095316
1 0.616319 0.425399 0.037142 0.098252
1 0.330006 0.470661 0.038358 0.080724
1 0.364146 0.468917 0.034752 0.096168
1 0.405254 0.462778 0.036372 0.096552
1 0.442674 0.464019 0.044266 0.109484
1 0.478643 0.452974 0.032164 0.105564
1 0.294468 0.478034 0.035570 0.081775
1 0.258086 0.486224 0.052788 0.082003
1 0.221255 0.487760 0.048921 0.081716
1 0.184624 0.491171 0.051805 0.085809
1 0.144781 0.491203 0.050389 0.071487
1 0.111684 0.478606 0.041130 0.095839
1 0.092144 0.397260 0.041718 0.091768
1 0.122648 0.592751 0.035977 0.127405
1 0.150871 0.575946 0.035939 0.087598
1 0.182906 0.577110 0.036368 0.087691
1 0.216761 0.572408 0.034792 0.085360
1 0.255044 0.568146 0.043002 0.100333
1 0.286024 0.564338 0.045034 0.099733
1 0.330866 0.549508 0.051854 0.104998
1 0.364060 0.552617 0.049268 0.075052
1 0.400167 0.544785 0.051150 0.072008
1 0.435559 0.533463 0.038363 0.079018
1 0.510741 0.503225 0.031416 0.091185
1 0.469883 0.518216 0.041065 0.076132
1 0.541478 0.495710 0.037890 0.090346
1 0.615521 0.494118 0.044568 0.077750
1 0.687718 0.479825 0.037543 0.081292
1 0.719817 0.476505 0.039568 0.081821
1 0.652409 0.480882 0.032656 0.068136
1 0.578083 0.493787 0.041205 0.087606
1 0.745299 0.475907 0.031579 0.083674
1 0.776969 0.484164 0.033448 0.090796
1 0.813850 0.483047 0.037498 0.097300
1 0.167534 0.661291 0.043157 0.086745
1 0.202576 0.666094 0.041628 0.094241
1 0.238687 0.663583 0.039209 0.095324
1 0.277162 0.656142 0.036506 0.095657
1 0.314170 0.649893 0.046267 0.090042
1 0.354714 0.636717 0.042512 0.095978
1 0.394091 0.616567 0.033057 0.083278
1 0.423827 0.607872 0.045567 0.083555
1 0.466182 0.592204 0.045535 0.080392
1 0.498764 0.593354 0.044692 0.091027
1 0.536531 0.579008 0.040172 0.077394
1 0.565647 0.576672 0.037351 0.078188
1 0.601787 0.563637 0.037107 0.072775
1 0.632977 0.561269 0.045117 0.083852
1 0.667244 0.563057 0.033072 0.091046
1 0.696227 0.561910 0.033337 0.083216
1 0.727251 0.555206 0.045922 0.083852
1 0.758508 0.550770 0.033821 0.073902
1 0.787596 0.549344 0.032041 0.073807
1 0.828068 0.560774 0.033981 0.077411
1 0.724906 0.621328 0.032288 0.085759
1 0.757454 0.621995 0.032032 0.069467
1 0.781264 0.626905 0.031454 0.081190
1 0.816989 0.628074 0.038195 0.075553
1 0.692411 0.629733 0.030525 0.082498
1 0.664053 0.623752 0.033225 0.068901
1 0.799488 0.571172 0.023576 0.083076
1 0.636313 0.625486 0.036291 0.076176
1 0.593199 0.648547 0.040845 0.080570
1 0.562715 0.651606 0.035401 0.093796
1 0.529887 0.656961 0.036840 0.083121
1 0.493614 0.664817 0.046384 0.088562
1 0.461378 0.672083 0.037077 0.085833
1 0.425350 0.686556 0.039027 0.082806
1 0.391779 0.702197 0.036822 0.074560
1 0.354052 0.714228 0.035637 0.077586
1 0.312953 0.725765 0.047313 0.077785
1 0.277092 0.731936 0.039282 0.080203
1 0.236851 0.745805 0.040666 0.080490
1 0.192864 0.757499 0.045580 0.093355
1 0.158480 0.748619 0.034526 0.066435
1 0.249522 0.800148 0.047675 0.069360
1 0.284985 0.796693 0.038252 0.070763
1 0.320665 0.794146 0.037952 0.077768
1 0.358468 0.787376 0.041560 0.074206
1 0.394401 0.773251 0.035727 0.078384
1 0.429575 0.758289 0.040496 0.078618
1 0.458441 0.748785 0.034541 0.068813
1 0.492398 0.739131 0.032564 0.078055
1 0.525323 0.730314 0.031074 0.079993
1 0.553886 0.727127 0.028374 0.074311
1 0.592811 0.714183 0.052197 0.084769
1 0.615929 0.710288 0.044291 0.079965
1 0.650177 0.697173 0.048646 0.085441
1 0.674199 0.703030 0.029198 0.072271
1 0.705356 0.695949 0.033652 0.081176
1 0.741691 0.691709 0.038075 0.070756
1 0.827193 0.679315 0.062709 0.081991
1 0.776237 0.689800 0.042265 0.076148
