0 0.941584 0.272887 0.116833 0.205687
0 0.850914 0.270378 0.198842 0.210704
0 0.730849 0.275395 0.190817 0.204015
0 0.620376 0.288773 0.195280 0.224082
0 0.508230 0.293790 0.191932 0.207359
0 0.384924 0.278740 0.161803 0.200671
0 0.283379 0.283757 0.179658 0.187292
0 0.176811 0.299643 0.153992 0.215721
0 0.075684 0.302343 0.145508 0.206442
0 0.564024 0.783761 0.160688 0.210704
0 0.683424 0.795466 0.156224 0.177259
0 0.793339 0.785433 0.204207 0.177259
0 0.909223 0.786269 0.181554 0.192309
0 0.464152 0.783761 0.139486 0.197326
0 0.369302 0.797975 0.155108 0.158864
0 0.262735 0.794630 0.142833 0.155520
0 0.155052 0.795466 0.123863 0.170570
0 0.056603 0.787105 0.113206 0.163881
