3 0.446795 0.367578 0.047191 0.059491
3 0.465900 0.410340 0.048603 0.052875
3 0.469438 0.457588 0.049161 0.052265
3 0.440380 0.321625 0.042249 0.049017
3 0.393291 0.292456 0.063371 0.061964
3 0.425834 0.276391 0.040348 0.054100
3 0.474493 0.306267 0.043913 0.056713
3 0.486249 0.348071 0.041401 0.058240
3 0.495396 0.396260 0.042131 0.063189
3 0.504053 0.439653 0.042933 0.055587
3 0.543534 0.427981 0.045766 0.057763
3 0.535422 0.377457 0.055379 0.054201
3 0.525165 0.333347 0.045410 0.058382
3 0.513363 0.286276 0.051157 0.053705
3 0.552110 0.482015 0.045524 0.052101
3 0.336446 0.369251 0.054882 0.053882
3 0.375871 0.404189 0.047845 0.064286
3 0.410882 0.381229 0.039930 0.056692
3 0.324745 0.443589 0.036974 0.051167
3 0.371409 0.467459 0.037305 0.053419
3 0.382374 0.513084 0.039160 0.055298
3 0.406691 0.335310 0.054783 0.053267
3 0.366486 0.350412 0.043634 0.053704
3 0.345803 0.418984 0.053173 0.058759
3 0.332443 0.480891 0.045145 0.055806
3 0.347960 0.525450 0.050074 0.053715
3 0.316986 0.326879 0.046752 0.050994
3 0.353574 0.314195 0.046000 0.051053
3 0.257114 0.461049 0.037288 0.048553
3 0.259960 0.505491 0.043349 0.050124
3 0.300098 0.496673 0.043629 0.045092
3 0.290766 0.453499 0.037937 0.048049
3 0.249816 0.423422 0.036121 0.048114
3 0.289862 0.343480 0.043096 0.043629
3 0.227772 0.516418 0.043314 0.044452
3 0.224380 0.476087 0.041379 0.048271
3 0.230899 0.553873 0.039074 0.040737
3 0.269144 0.545489 0.041222 0.041833
3 0.307260 0.539534 0.039312 0.049221
3 0.217334 0.252665 0.040964 0.055946
3 0.250869 0.227428 0.043521 0.062203
3 0.304419 0.287977 0.042162 0.049849
3 0.295945 0.249538 0.036877 0.055588
3 0.194549 0.218876 0.050427 0.057361
3 0.271270 0.168251 0.045247 0.065136
3 0.230684 0.192660 0.048389 0.063950
3 0.211255 0.152498 0.042019 0.048832
3 0.251492 0.129360 0.047729 0.062486
3 0.427366 0.421722 0.050148 0.050773
3 0.409493 0.459514 0.040389 0.044207
3 0.420715 0.498037 0.044910 0.046933
3 0.450670 0.487047 0.035217 0.040943
3 0.430880 0.542868 0.057676 0.058528
3 0.391779 0.559515 0.055155 0.052152
3 0.349193 0.571314 0.041365 0.050724
3 0.314061 0.581886 0.041991 0.046174
3 0.315564 0.624826 0.042052 0.048605
3 0.275564 0.589717 0.046979 0.047209
3 0.282173 0.631622 0.052377 0.050397
3 0.238246 0.594455 0.042323 0.037098
3 0.236855 0.632132 0.038849 0.031768
3 0.228332 0.697068 0.037817 0.040770
3 0.237438 0.665173 0.039105 0.043707
3 0.275042 0.672254 0.042247 0.037913
3 0.201272 0.556465 0.047418 0.035019
3 0.200726 0.594241 0.041378 0.036517
3 0.194761 0.519893 0.043628 0.038038
3 0.195036 0.487549 0.051687 0.037389
3 0.202210 0.623171 0.038960 0.026154
3 0.152149 0.512450 0.040645 0.048464
3 0.235123 0.292048 0.043284 0.053804
3 0.265775 0.267326 0.040176 0.053925
3 0.278313 0.309913 0.042796 0.055263
3 0.245359 0.341656 0.029605 0.065866
3 0.185140 0.280413 0.050571 0.060411
3 0.204205 0.315293 0.047217 0.049882
3 0.141206 0.312480 0.049322 0.061011
3 0.213591 0.353145 0.047201 0.048760
3 0.172492 0.186055 0.044770 0.050556
3 0.111114 0.185345 0.081072 0.070200
3 0.137759 0.218959 0.050552 0.060794
3 0.158285 0.250084 0.043298 0.062521
3 0.360515 0.614132 0.057039 0.051069
3 0.320432 0.668383 0.053524 0.046308
3 0.321320 0.706174 0.054731 0.041903
3 0.358879 0.701314 0.051335 0.043465
3 0.358747 0.660357 0.057295 0.054540
3 0.431694 0.632647 0.041652 0.057223
3 0.431971 0.588612 0.040901 0.047236
3 0.396027 0.604625 0.049585 0.051212
3 0.395743 0.647000 0.049922 0.047003
3 0.397058 0.689031 0.055888 0.054838
3 0.399256 0.725777 0.054260 0.043894
3 0.360243 0.736559 0.053472 0.031494
3 0.383673 0.806800 0.046068 0.045032
3 0.393737 0.765777 0.056478 0.043915
3 0.340359 0.812395 0.069281 0.054917
3 0.350911 0.770339 0.050263 0.038846
3 0.273511 0.710084 0.062423 0.040376
3 0.203097 0.752374 0.050113 0.054223
3 0.242495 0.768162 0.060955 0.035937
3 0.308185 0.744646 0.062183 0.034970
3 0.261753 0.742392 0.056144 0.032199
3 0.219602 0.725543 0.043823 0.044236
3 0.289851 0.812179 0.075371 0.049010
3 0.303365 0.773279 0.067287 0.035551
3 0.235515 0.804966 0.072209 0.056032
3 0.309719 0.861290 0.050028 0.048306
3 0.133765 0.673897 0.054787 0.071384
3 0.146532 0.645231 0.052136 0.042394
3 0.156708 0.612946 0.052787 0.045048
3 0.111806 0.571423 0.060969 0.048451
3 0.116724 0.515510 0.051929 0.043440
3 0.221279 0.434995 0.044610 0.038836
3 0.175195 0.374678 0.067144 0.050749
3 0.162877 0.334133 0.051185 0.032909
3 0.131095 0.392649 0.065286 0.066117
3 0.117308 0.284899 0.054955 0.058014
3 0.092305 0.251986 0.058410 0.050768
3 0.083440 0.323816 0.058660 0.063842
3 0.110262 0.342717 0.049907 0.047402
3 0.084159 0.406629 0.066195 0.053782
3 0.104818 0.442380 0.060120 0.075557
3 0.187944 0.459731 0.050109 0.048320
3 0.133464 0.544433 0.061161 0.034927
3 0.200880 0.117566 0.052328 0.049468
3 0.203333 0.648653 0.048157 0.032205
3 0.192288 0.672747 0.057410 0.044165
3 0.173064 0.701461 0.052482 0.040545
3 0.119396 0.747547 0.063439 0.068382
3 0.162416 0.786586 0.073955 0.052206
3 0.106537 0.618414 0.058962 0.069376
3 0.090208 0.691449 0.055154 0.060080
3 0.159922 0.730666 0.049741 0.048172
3 0.164344 0.557300 0.040815 0.039169
3 0.161672 0.588654 0.044537 0.029957
3 0.293538 0.413199 0.055080 0.038913
3 0.283538 0.374069 0.063518 0.037561
3 0.197040 0.394720 0.047860 0.052113
3 0.170264 0.427285 0.044873 0.051865
3 0.232140 0.391187 0.044794 0.042262
3 0.162515 0.146059 0.054647 0.066952
3 0.133791 0.459571 0.067470 0.068706
3 0.372373 0.851282 0.072120 0.054115
3 0.433040 0.798868 0.065407 0.048488
3 0.414785 0.848240 0.054670 0.052894
3 0.444224 0.753880 0.065254 0.045494
3 0.442084 0.712612 0.062044 0.047477
3 0.443316 0.671507 0.054843 0.044621
3 0.342306 0.269626 0.039124 0.052951
3 0.335332 0.233722 0.057479 0.057576
3 0.328583 0.190020 0.057617 0.058704
3 0.293391 0.208435 0.052683 0.056202
3 0.310899 0.145868 0.040101 0.057106
3 0.301004 0.102413 0.065073 0.056013
3 0.362472 0.161277 0.057427 0.058080
3 0.366617 0.210086 0.047508 0.063058
3 0.350588 0.127666 0.069482 0.061395
3 0.384043 0.252184 0.059624 0.058792
3 0.343036 0.083881 0.055192 0.055799
3 0.391072 0.106030 0.054668 0.051334
3 0.379938 0.064590 0.058248 0.056742
3 0.410154 0.190082 0.058207 0.067095
3 0.402183 0.143179 0.054092 0.053726
3 0.421991 0.234969 0.056609 0.056373
3 0.480369 0.661630 0.051983 0.053942
3 0.480591 0.618634 0.056341 0.047521
3 0.476026 0.574715 0.055505 0.056641
3 0.483248 0.702706 0.057493 0.043575
3 0.481680 0.743533 0.058832 0.045310
3 0.233877 0.093261 0.057425 0.061385
3 0.467444 0.529396 0.053164 0.053354
3 0.515127 0.559644 0.055327 0.054829
3 0.518532 0.606006 0.056848 0.050006
3 0.521114 0.650244 0.058435 0.047131
3 0.521940 0.694272 0.059463 0.054711
3 0.525590 0.733919 0.056618 0.050888
3 0.599852 0.671784 0.058766 0.041384
3 0.505422 0.517147 0.060780 0.047876
3 0.506746 0.480003 0.060163 0.035324
3 0.555407 0.591835 0.059394 0.054316
3 0.558567 0.638206 0.049913 0.046734
3 0.560932 0.683933 0.062792 0.050277
3 0.563604 0.722960 0.059108 0.044295
3 0.480987 0.791284 0.055829 0.050212
3 0.520781 0.778693 0.058958 0.047288
3 0.512632 0.828820 0.065151 0.051126
3 0.464872 0.839596 0.054371 0.050825
3 0.556606 0.817874 0.060330 0.052354
3 0.561127 0.768459 0.061499 0.047815
3 0.492764 0.868408 0.046385 0.034163
3 0.535754 0.860520 0.051520 0.044310
3 0.584006 0.853632 0.050684 0.043048
3 0.442690 0.877303 0.048424 0.027738
3 0.390985 0.884100 0.055054 0.029844
3 0.581942 0.412993 0.055256 0.062172
3 0.575661 0.361510 0.054302 0.054249
3 0.589942 0.459975 0.062383 0.054867
3 0.596813 0.513600 0.056862 0.053466
3 0.551777 0.536600 0.064059 0.062804
3 0.596862 0.582096 0.061525 0.047952
3 0.595572 0.625401 0.060073 0.055730
3 0.606349 0.757351 0.061923 0.044085
3 0.598716 0.714190 0.060331 0.046319
3 0.596128 0.803907 0.047754 0.044457
3 0.634785 0.484432 0.054337 0.050824
3 0.626985 0.441661 0.059509 0.063659
3 0.618260 0.394457 0.051785 0.058080
3 0.598332 0.548049 0.070528 0.032319
3 0.638189 0.618054 0.061413 0.051560
3 0.639142 0.664222 0.061783 0.046320
3 0.644705 0.704955 0.054513 0.045802
3 0.642722 0.749220 0.048877 0.048369
3 0.640920 0.796356 0.051006 0.053206
3 0.679602 0.783646 0.040641 0.042685
3 0.679646 0.743152 0.052249 0.050848
3 0.672663 0.699348 0.044966 0.055263
3 0.673690 0.649368 0.043487 0.049521
3 0.630592 0.842313 0.047475 0.040538
3 0.671407 0.837658 0.055003 0.049979
3 0.721564 0.730763 0.044710 0.043927
3 0.721390 0.777653 0.042527 0.047004
3 0.713983 0.826224 0.042172 0.048755
3 0.717941 0.685077 0.050089 0.051170
3 0.762488 0.722190 0.047107 0.053173
3 0.763190 0.769801 0.045201 0.051107
3 0.756471 0.812231 0.044334 0.042452
3 0.641637 0.535715 0.044584 0.059383
3 0.676987 0.509776 0.044448 0.051931
3 0.637319 0.573281 0.061030 0.046073
3 0.687880 0.558620 0.061300 0.057735
3 0.679661 0.611363 0.051912 0.042853
3 0.673500 0.467989 0.059514 0.049415
3 0.662464 0.422718 0.056230 0.058377
3 0.471900 0.257012 0.062565 0.059218
3 0.461765 0.213037 0.056514 0.053463
3 0.449062 0.171548 0.055934 0.054065
3 0.439086 0.125274 0.059206 0.053764
3 0.429003 0.086538 0.056414 0.052265
3 0.422890 0.043716 0.073989 0.061939
3 0.467322 0.070331 0.057435 0.054027
3 0.477666 0.112073 0.058309 0.057313
3 0.485505 0.152491 0.058350 0.047502
3 0.493099 0.198129 0.057229 0.051633
3 0.511398 0.240831 0.054629 0.053118
3 0.525418 0.182122 0.048986 0.054149
3 0.518477 0.137902 0.047168 0.044865
3 0.515933 0.099640 0.047913 0.049272
3 0.561160 0.314890 0.053557 0.060397
3 0.551010 0.273376 0.052165 0.057613
3 0.542906 0.217183 0.060895 0.044238
3 0.510064 0.052072 0.061765 0.062861
3 0.565335 0.121543 0.056706 0.052201
3 0.556065 0.082837 0.055895 0.051986
3 0.550184 0.040324 0.063511 0.058842
3 0.646457 0.178009 0.045276 0.043621
3 0.639624 0.135656 0.043560 0.046310
3 0.633846 0.096267 0.042471 0.049627
3 0.626119 0.049837 0.042158 0.048250
3 0.597445 0.112282 0.047006 0.050368
3 0.603201 0.152607 0.044188 0.047830
3 0.587152 0.066581 0.054725 0.063366
3 0.695830 0.409767 0.044950 0.053942
3 0.276127 0.067210 0.049360 0.057760
3 0.316945 0.042988 0.054216 0.055854
3 0.644279 0.327670 0.047642 0.052026
3 0.659992 0.376238 0.051987 0.053246
3 0.609299 0.344237 0.046360 0.050304
3 0.588515 0.254391 0.052802 0.055062
3 0.598852 0.299487 0.055333 0.056200
3 0.573990 0.209096 0.048553 0.047484
3 0.566027 0.167167 0.042999 0.049259
3 0.610644 0.193032 0.042690 0.044405
3 0.622876 0.235865 0.057807 0.054743
3 0.632505 0.285279 0.063584 0.062093
3 0.684772 0.314692 0.054253 0.051311
3 0.673707 0.268092 0.050693 0.049926
3 0.660757 0.221803 0.047148 0.053027
3 0.695820 0.361339 0.061316 0.055652
3 0.709523 0.452396 0.054447 0.058554
3 0.719673 0.494284 0.054257 0.052875
3 0.729206 0.538217 0.057182 0.052090
3 0.756763 0.668582 0.048873 0.053513
3 0.758639 0.522408 0.044765 0.058684
3 0.709400 0.605983 0.052624 0.041168
3 0.713921 0.643052 0.042097 0.042683
3 0.730655 0.581605 0.049447 0.043948
3 0.771278 0.608851 0.038492 0.051966
3 0.771849 0.566748 0.055194 0.051930
3 0.751113 0.481023 0.039365 0.049796
3 0.744101 0.436935 0.044052 0.049968
3 0.734166 0.387596 0.048247 0.051808
3 0.586964 0.024239 0.051928 0.048477
3 0.626372 0.016124 0.043646 0.032248
3 0.665382 0.035696 0.048692 0.056615
3 0.686716 0.166333 0.042426 0.051322
3 0.678020 0.128112 0.045787 0.051841
3 0.672839 0.079767 0.040815 0.050520
3 0.694692 0.208914 0.045763 0.050624
3 0.703415 0.252935 0.042598 0.059340
3 0.710918 0.299157 0.048830 0.061955
3 0.722565 0.347400 0.041786 0.054161
3 0.749629 0.285171 0.038194 0.054003
3 0.742925 0.240353 0.038311 0.050361
3 0.729931 0.200199 0.039571 0.045875
3 0.727173 0.155997 0.052113 0.049242
3 0.718253 0.115784 0.045778 0.049571
3 0.711779 0.073261 0.042519 0.044739
3 0.707515 0.024948 0.042679 0.049895
3 0.750200 0.054370 0.062021 0.054575
3 0.761655 0.099164 0.057488 0.048983
3 0.768620 0.141931 0.060013 0.053682
3 0.747726 0.015745 0.049102 0.031490
3 0.795839 0.008935 0.061062 0.017869
3 0.797011 0.039760 0.062380 0.057656
3 0.805715 0.080204 0.064839 0.068667
3 0.811970 0.122711 0.060183 0.066005
3 0.776321 0.182690 0.059915 0.050764
3 0.786330 0.223898 0.063060 0.050634
3 0.819993 0.158351 0.052750 0.067089
3 0.825824 0.200723 0.054717 0.068796
3 0.795833 0.267391 0.060897 0.055856
3 0.830382 0.242915 0.058089 0.072004
3 0.840287 0.281590 0.054846 0.064938
3 0.798996 0.310340 0.059100 0.049790
3 0.759715 0.328553 0.041811 0.043461
3 0.849013 0.326617 0.053392 0.071309
3 0.806048 0.353994 0.049654 0.052506
3 0.777198 0.372876 0.047566 0.052308
3 0.859889 0.369264 0.052226 0.065020
3 0.818116 0.396152 0.049590 0.050769
3 0.782215 0.415165 0.044775 0.053298
3 0.791859 0.455766 0.056188 0.058914
3 0.832033 0.440289 0.057268 0.051678
3 0.867918 0.416356 0.051890 0.065245
3 0.804039 0.498757 0.055538 0.049781
3 0.842015 0.480982 0.052433 0.051397
3 0.879248 0.461004 0.042960 0.070076
3 0.790757 0.655076 0.046178 0.055217
3 0.813624 0.633091 0.041196 0.039443
3 0.798237 0.706234 0.049760 0.050361
3 0.840407 0.693792 0.054550 0.055178
3 0.814103 0.589153 0.057038 0.055847
3 0.810657 0.545456 0.058052 0.050575
3 0.853659 0.572154 0.054400 0.051313
3 0.851687 0.524767 0.056338 0.055913
3 0.854773 0.618801 0.047405 0.050160
3 0.856546 0.662493 0.042379 0.046791
3 0.805325 0.757279 0.054245 0.054268
3 0.804803 0.801064 0.055825 0.039806
3 0.839729 0.791573 0.047825 0.048206
3 0.844658 0.746707 0.050682 0.052107
3 0.885002 0.509458 0.041878 0.051107
3 0.884747 0.557449 0.039465 0.050752
3 0.886741 0.609526 0.038416 0.055495
3 0.890573 0.654161 0.032336 0.048376
3 0.878373 0.732968 0.051303 0.050461
