0 0.494093 0.678854 0.125067 0.085159
0 0.411567 0.683608 0.158111 0.065585
0 0.590784 0.651377 0.130331 0.074046
0 0.679440 0.645189 0.133479 0.058894
0 0.738916 0.641256 0.119252 0.063217
0 0.307117 0.693699 0.159895 0.071935
0 0.196655 0.701645 0.134496 0.061697
0 0.126927 0.697460 0.154985 0.059610
0 0.075800 0.680800 0.060073 0.026528
0 0.796086 0.639315 0.105641 0.054697
1 0.793002 0.447403 0.144844 0.342511
1 0.703766 0.465265 0.160091 0.304712
1 0.605661 0.477693 0.149544 0.299672
1 0.516658 0.480875 0.190914 0.302310
1 0.426468 0.488394 0.194753 0.312384
1 0.340692 0.505585 0.172577 0.304086
1 0.243079 0.524410 0.183271 0.300682
1 0.144596 0.533067 0.189642 0.294213
1 0.085954 0.527115 0.132772 0.307458
