1 0.447893 0.669483 0.156932 0.045392
1 0.438069 0.723469 0.149535 0.050528
1 0.454184 0.664900 0.145087 0.040486
1 0.470354 0.616837 0.147627 0.036839
1 0.486737 0.568461 0.161692 0.053079
1 0.504307 0.520082 0.138480 0.040951
1 0.526134 0.466405 0.147999 0.041649
1 0.555312 0.417016 0.147258 0.040319
1 0.578831 0.367041 0.134250 0.055496
1 0.595793 0.312177 0.140489 0.043751
1 0.611092 0.264152 0.152597 0.049887
1 0.437898 0.784462 0.139010 0.058573
1 0.438648 0.838654 0.118387 0.054079
1 0.446780 0.374349 0.137580 0.067155
1 0.414176 0.426918 0.160722 0.067314
1 0.388131 0.478178 0.152977 0.060010
1 0.296910 0.690262 0.192738 0.067270
1 0.296190 0.782863 0.170940 0.074339
1 0.303220 0.638975 0.186755 0.056860
1 0.230943 0.513900 0.155084 0.083668
1 0.262286 0.466794 0.152338 0.070831
1 0.284221 0.419710 0.145779 0.067552
1 0.313508 0.372889 0.147884 0.065011
1 0.332392 0.326909 0.149579 0.058205
1 0.350831 0.596139 0.139716 0.043070
1 0.365966 0.550649 0.144518 0.050559
1 0.359396 0.286208 0.139540 0.059852
1 0.366043 0.238997 0.139947 0.056773
1 0.373220 0.199777 0.138497 0.060818
1 0.470964 0.331866 0.122822 0.074414
1 0.483506 0.275004 0.150008 0.071515
1 0.500150 0.222568 0.119187 0.067373
1 0.525377 0.166491 0.127864 0.055546
1 0.558444 0.828455 0.159536 0.067766
1 0.560119 0.774235 0.161416 0.078980
1 0.575735 0.717964 0.173563 0.086893
1 0.588090 0.665633 0.160680 0.080932
1 0.607965 0.609911 0.163369 0.085586
1 0.621498 0.563122 0.169662 0.074670
1 0.634897 0.512974 0.159601 0.071539
1 0.657432 0.466264 0.169562 0.075011
1 0.676956 0.411166 0.158216 0.074031
1 0.698950 0.363338 0.172691 0.078447
1 0.721518 0.308583 0.157074 0.076458
1 0.743629 0.252410 0.161416 0.087466
1 0.624493 0.208317 0.153396 0.051409
1 0.769969 0.207824 0.144633 0.086424
1 0.830737 0.360801 0.136417 0.059231
1 0.810054 0.422846 0.161985 0.077341
1 0.790950 0.459158 0.145231 0.063916
1 0.773043 0.513355 0.148021 0.057321
1 0.751970 0.555093 0.154917 0.052908
1 0.743957 0.608214 0.135098 0.051367
1 0.725678 0.653719 0.162725 0.056645
1 0.846270 0.302557 0.131566 0.057288
1 0.703010 0.755195 0.137950 0.059633
1 0.688821 0.803669 0.157201 0.049478
1 0.680147 0.848425 0.134585 0.053343
1 0.304587 0.869116 0.152396 0.082559
3 0.303167 0.819659 0.169008 0.062901
0 0.875218 0.485300 0.060826 0.066331
0 0.858351 0.529301 0.053858 0.072724
0 0.844431 0.573219 0.050159 0.072690
0 0.827771 0.627658 0.045748 0.082586
0 0.817397 0.668964 0.044846 0.073832
0 0.805075 0.718586 0.041100 0.056303
0 0.794720 0.766424 0.043740 0.067070
0 0.782302 0.807732 0.042631 0.055823
0 0.762399 0.852617 0.061235 0.050889
1 0.716762 0.702837 0.151604 0.056150
0 0.896273 0.440064 0.058420 0.059926
0 0.919263 0.391007 0.053730 0.085699
0 0.933227 0.323649 0.046550 0.087790
