0 0.375218 0.659413 0.014872 0.011519
0 0.389267 0.657211 0.020092 0.015924
0 0.364445 0.658058 0.016588 0.013552
0 0.402387 0.659582 0.015062 0.013213
0 0.426315 0.662462 0.014109 0.008809
0 0.442712 0.663987 0.017922 0.009148
0 0.459776 0.665003 0.015062 0.010503
0 0.352052 0.660260 0.015062 0.011858
0 0.336990 0.662970 0.018494 0.012536
0 0.414589 0.659921 0.012393 0.009825
1 0.368830 0.631292 0.016206 0.044722
1 0.352815 0.635358 0.014681 0.046755
1 0.334924 0.637221 0.018176 0.047771
1 0.384042 0.633250 0.016441 0.045556
1 0.399647 0.632631 0.017556 0.048279
1 0.414207 0.633498 0.017974 0.042090
1 0.427862 0.636345 0.016580 0.050260
1 0.441864 0.637831 0.016720 0.045803
1 0.455031 0.638078 0.014351 0.048279
1 0.421104 0.593018 0.017556 0.051250
1 0.406056 0.591408 0.015048 0.052488
1 0.391078 0.591903 0.014630 0.049517
1 0.376588 0.593636 0.016859 0.049517
1 0.361471 0.595989 0.016162 0.051250
1 0.347886 0.597103 0.016580 0.050012
1 0.332351 0.599950 0.013097 0.049765
1 0.433713 0.598464 0.017416 0.054221
1 0.449275 0.602657 0.017210 0.049114
1 0.461858 0.600074 0.017695 0.054469
1 0.363561 0.550680 0.015884 0.056202
1 0.350046 0.552785 0.012818 0.052488
1 0.336531 0.553528 0.013097 0.060411
1 0.407450 0.555384 0.015605 0.055707
1 0.392611 0.552909 0.014630 0.050755
1 0.377215 0.551175 0.014769 0.057192
1 0.421801 0.553156 0.016441 0.057688
1 0.437406 0.552785 0.018949 0.063382
1 0.452384 0.556003 0.015744 0.062392
1 0.465833 0.557036 0.014769 0.063382
1 0.321962 0.553195 0.016441 0.060659
1 0.314438 0.499840 0.020900 0.064372
1 0.330391 0.501945 0.016859 0.064620
1 0.344115 0.507516 0.016998 0.061897
1 0.358243 0.510064 0.015399 0.058776
1 0.374211 0.508258 0.016720 0.062887
1 0.389398 0.508630 0.014490 0.058183
1 0.404097 0.508506 0.013236 0.056450
1 0.420747 0.510734 0.013654 0.052983
1 0.435079 0.510156 0.013515 0.058430
1 0.449221 0.509909 0.015884 0.057440
1 0.463015 0.513994 0.011425 0.061649
1 0.343455 0.460061 0.019506 0.065363
1 0.327780 0.457338 0.018810 0.067839
1 0.359826 0.460680 0.019646 0.061154
1 0.374874 0.461670 0.017695 0.064620
1 0.391663 0.462785 0.022572 0.061401
1 0.407835 0.466184 0.017663 0.059581
1 0.424895 0.464616 0.020830 0.062602
1 0.442238 0.462363 0.020920 0.061315
1 0.460145 0.459340 0.020833 0.061997
1 0.312529 0.455081 0.021736 0.055682
