0 0.613608 0.666353 0.020829 0.020932
0 0.611567 0.650353 0.023832 0.028766
0 0.605664 0.633185 0.022353 0.024291
0 0.605936 0.620474 0.018398 0.021544
0 0.600395 0.600793 0.016216 0.021371
0 0.599834 0.585565 0.017253 0.024480
0 0.597783 0.571946 0.020213 0.027312
0 0.596996 0.556554 0.017080 0.022966
0 0.593724 0.538202 0.019954 0.020916
0 0.590679 0.522130 0.023886 0.025503
0 0.586018 0.506702 0.015925 0.022221
0 0.584259 0.491596 0.020484 0.026471
0 0.583914 0.475776 0.018517 0.025535
0 0.581831 0.457271 0.013504 0.022792
0 0.581984 0.441095 0.011257 0.023005
0 0.584773 0.422878 0.016270 0.024109
0 0.584321 0.407142 0.015686 0.022450
0 0.615108 0.687791 0.014888 0.028006
3 0.522333 0.554505 0.039888 0.015741
3 0.520809 0.538224 0.043341 0.018112
3 0.524119 0.572699 0.039474 0.019389
3 0.477285 0.559362 0.034119 0.014463
3 0.542529 0.505376 0.033075 0.011385
3 0.538917 0.487570 0.030951 0.015445
3 0.538231 0.471500 0.025427 0.016500
3 0.536158 0.454688 0.026860 0.014674
3 0.536168 0.439397 0.031289 0.012176
3 0.538149 0.425403 0.031066 0.015610
3 0.543211 0.518567 0.029568 0.016402
3 0.563680 0.549911 0.040219 0.016212
3 0.557718 0.501526 0.043734 0.014626
3 0.561332 0.484339 0.029656 0.018078
3 0.551488 0.469386 0.039400 0.017834
3 0.553462 0.452291 0.039234 0.015707
3 0.556327 0.418723 0.038087 0.021855
3 0.556181 0.402969 0.047524 0.016991
3 0.554389 0.436990 0.039784 0.015337
3 0.510142 0.426625 0.036865 0.015251
3 0.511765 0.440845 0.043198 0.016597
3 0.511478 0.456989 0.041757 0.015069
3 0.512991 0.473559 0.040931 0.013813
3 0.514970 0.490229 0.037146 0.015462
3 0.520472 0.507270 0.034041 0.015538
3 0.520070 0.522412 0.034624 0.013590
3 0.564758 0.530564 0.039118 0.019862
3 0.561741 0.514768 0.031928 0.014320
3 0.550396 0.537193 0.029784 0.014440
3 0.567575 0.564260 0.045667 0.018216
3 0.551381 0.552482 0.029925 0.011120
3 0.549785 0.569949 0.033792 0.012206
3 0.572858 0.581861 0.036506 0.017760
3 0.526674 0.588675 0.037511 0.015805
3 0.553395 0.585069 0.029297 0.018034
3 0.554804 0.599865 0.029035 0.015914
3 0.578022 0.599181 0.029708 0.018676
3 0.561706 0.637161 0.029118 0.015283
3 0.559309 0.622972 0.027600 0.016056
3 0.567399 0.653898 0.027383 0.014726
3 0.571018 0.669804 0.026621 0.016986
3 0.572963 0.688280 0.023663 0.014748
3 0.575058 0.704787 0.025635 0.019196
3 0.581551 0.616384 0.028823 0.018540
3 0.583211 0.632462 0.029367 0.015313
3 0.583943 0.648880 0.032537 0.021662
3 0.588093 0.665647 0.032607 0.018913
3 0.587512 0.682253 0.028388 0.018645
3 0.588436 0.698225 0.025245 0.018846
3 0.553306 0.668442 0.031514 0.019390
3 0.543726 0.650925 0.035590 0.013774
3 0.543849 0.635355 0.024257 0.015678
3 0.539009 0.619933 0.028202 0.016750
3 0.529753 0.603369 0.034336 0.015323
3 0.552589 0.684200 0.026731 0.015778
3 0.553305 0.702202 0.025181 0.019786
3 0.513534 0.410605 0.029361 0.017869
3 0.536128 0.412086 0.027389 0.014299
3 0.488961 0.416516 0.032152 0.018089
3 0.489193 0.434483 0.032121 0.015153
3 0.489723 0.450484 0.031634 0.014079
3 0.492756 0.465999 0.025411 0.013075
3 0.493472 0.481525 0.025014 0.011903
3 0.495865 0.498570 0.024809 0.014402
3 0.497762 0.514481 0.024930 0.016752
3 0.501285 0.531124 0.032185 0.013347
3 0.503217 0.546652 0.024745 0.012774
3 0.504461 0.563361 0.027966 0.013373
3 0.505538 0.580168 0.029239 0.015091
3 0.513632 0.610472 0.028004 0.014609
3 0.508909 0.595527 0.025583 0.012793
3 0.516374 0.626186 0.030200 0.016483
3 0.521616 0.642692 0.029240 0.015619
3 0.527370 0.657955 0.033709 0.019230
3 0.531428 0.674921 0.028945 0.013457
3 0.534157 0.689418 0.030360 0.017046
3 0.533758 0.706159 0.030821 0.016380
3 0.508480 0.688579 0.033081 0.017443
3 0.509131 0.672296 0.029233 0.017115
3 0.498548 0.657822 0.035026 0.016444
3 0.502295 0.641106 0.029205 0.017970
3 0.494288 0.625334 0.034667 0.017635
3 0.493135 0.609206 0.028437 0.017613
3 0.488690 0.592060 0.028560 0.018530
3 0.481849 0.576083 0.035206 0.016131
3 0.481804 0.545138 0.028676 0.016912
3 0.480764 0.527953 0.030208 0.017525
3 0.478907 0.510817 0.029092 0.018358
3 0.477597 0.495587 0.026853 0.016056
3 0.475521 0.479045 0.027946 0.016640
3 0.474408 0.463272 0.030384 0.017106
3 0.470144 0.446155 0.030110 0.015580
3 0.465549 0.428713 0.034425 0.016406
3 0.466831 0.413285 0.029780 0.016253
0 0.580301 0.392960 0.024162 0.017236
3 0.422918 0.421210 0.035525 0.017309
3 0.445162 0.423645 0.023953 0.012736
3 0.445775 0.438984 0.025788 0.012838
3 0.441965 0.408104 0.034387 0.011980
3 0.483021 0.403614 0.036869 0.012166
3 0.528732 0.395229 0.031115 0.012611
3 0.449524 0.453670 0.029090 0.014324
3 0.450075 0.469723 0.027652 0.015498
3 0.452370 0.486642 0.028677 0.017783
3 0.453778 0.502701 0.028508 0.015839
3 0.458145 0.519183 0.031237 0.015212
3 0.457634 0.535731 0.027331 0.014882
3 0.459824 0.551090 0.026892 0.017070
3 0.462109 0.567669 0.027597 0.013059
3 0.466059 0.583378 0.021794 0.012709
3 0.470566 0.599004 0.026345 0.016304
3 0.473307 0.615817 0.027906 0.015628
3 0.475567 0.632927 0.028233 0.017185
3 0.477845 0.648740 0.031699 0.014876
3 0.484336 0.679627 0.031989 0.014155
3 0.489716 0.696249 0.024411 0.016490
3 0.503920 0.706423 0.045230 0.019037
3 0.493289 0.720073 0.034835 0.015555
3 0.463656 0.678921 0.036287 0.018243
3 0.461307 0.663883 0.038736 0.017163
3 0.454658 0.646791 0.033526 0.018026
3 0.455138 0.629222 0.019944 0.018316
3 0.455961 0.611679 0.028509 0.017037
3 0.467051 0.695870 0.027961 0.016635
3 0.469704 0.709469 0.030934 0.017183
3 0.449924 0.597573 0.024701 0.016220
3 0.448104 0.581543 0.025140 0.017488
3 0.442412 0.565696 0.028303 0.017532
3 0.438992 0.548699 0.026140 0.016497
3 0.436311 0.534704 0.028598 0.015603
3 0.436745 0.516839 0.031415 0.017235
3 0.433084 0.500576 0.030331 0.016211
3 0.432845 0.484762 0.029915 0.016847
3 0.429882 0.468695 0.032228 0.019397
3 0.425982 0.452865 0.031115 0.014395
3 0.424879 0.436356 0.029121 0.014342
3 0.409947 0.461044 0.028613 0.017587
3 0.411078 0.482580 0.028476 0.020636
3 0.415281 0.499732 0.030934 0.023832
3 0.408668 0.446610 0.031013 0.025453
3 0.416686 0.513721 0.024220 0.019379
3 0.419102 0.527956 0.026878 0.019269
3 0.420168 0.546052 0.031051 0.022453
3 0.420603 0.562305 0.029186 0.020750
3 0.424608 0.576606 0.034779 0.020737
3 0.425653 0.593251 0.035071 0.023276
3 0.429055 0.609565 0.032789 0.023117
3 0.431798 0.625123 0.032065 0.026241
3 0.434941 0.642543 0.033639 0.029404
3 0.438039 0.659294 0.034467 0.025275
3 0.440345 0.675647 0.032373 0.022406
3 0.445473 0.693165 0.035036 0.023527
3 0.448992 0.708176 0.029920 0.022937
3 0.453204 0.718086 0.030714 0.012978
