0 0.533594 0.441745 0.024978 0.021887
0 0.518559 0.438527 0.022082 0.014162
0 0.506694 0.439653 0.021903 0.013196
0 0.475567 0.440577 0.024246 0.009426
0 0.462208 0.443796 0.025348 0.011265
0 0.445578 0.446784 0.028334 0.010805
0 0.489825 0.440002 0.024452 0.010575
0 0.548163 0.443966 0.024833 0.011265
0 0.563943 0.446150 0.033897 0.018852
0 0.582574 0.446035 0.027428 0.013104
0 0.598358 0.444770 0.026393 0.014714
0 0.611813 0.444655 0.022253 0.014944
0 0.627274 0.446992 0.025487 0.011651
2 0.592018 0.395342 0.016560 0.037244
2 0.578304 0.395456 0.016043 0.038853
2 0.562391 0.394077 0.017337 0.043911
2 0.606754 0.394178 0.015469 0.041407
2 0.619286 0.397310 0.020365 0.040015
2 0.634853 0.397484 0.016448 0.036188
2 0.649882 0.399659 0.016351 0.039841
2 0.630349 0.424538 0.016253 0.036362
2 0.614929 0.423059 0.014392 0.037232
2 0.601809 0.422798 0.012630 0.036014
2 0.590305 0.423929 0.018602 0.036188
2 0.572009 0.423191 0.017525 0.042277
2 0.554043 0.419624 0.021931 0.040711
2 0.546412 0.391778 0.018242 0.040233
2 0.539357 0.419820 0.016449 0.041364
2 0.523098 0.413849 0.019022 0.041868
2 0.508773 0.414448 0.018309 0.041755
2 0.495702 0.415579 0.014295 0.040885
2 0.481848 0.415144 0.015763 0.044539
2 0.466770 0.417580 0.017525 0.040363
2 0.452182 0.418537 0.018113 0.047148
2 0.438132 0.420537 0.019386 0.041059
2 0.434103 0.389694 0.013134 0.051530
2 0.447159 0.389824 0.015567 0.047322
2 0.461159 0.389476 0.015763 0.044887
2 0.474720 0.388084 0.015078 0.042799
2 0.488141 0.388380 0.016057 0.042277
2 0.501701 0.388032 0.015959 0.039493
2 0.516078 0.388486 0.016757 0.037842
2 0.531514 0.390381 0.017623 0.041407
2 0.641260 0.368648 0.014295 0.045061
2 0.627308 0.369083 0.013218 0.045583
2 0.613259 0.367604 0.014490 0.042973
2 0.599864 0.367955 0.013134 0.038647
2 0.584425 0.364913 0.013218 0.036873
2 0.571697 0.363429 0.014392 0.040885
2 0.556080 0.365604 0.012728 0.037580
2 0.541101 0.363168 0.013120 0.039319
2 0.577816 0.336984 0.016057 0.044017
2 0.591425 0.336984 0.015665 0.047844
2 0.606013 0.337506 0.016840 0.045757
2 0.620700 0.337941 0.017232 0.044191
2 0.633574 0.336636 0.014784 0.040189
2 0.562934 0.336984 0.019190 0.045061
2 0.548101 0.334809 0.015959 0.046279
2 0.532974 0.333765 0.016840 0.043843
2 0.570130 0.305320 0.014980 0.042277
2 0.585110 0.306451 0.012826 0.038623
2 0.599258 0.306973 0.013903 0.042103
2 0.614776 0.307233 0.013609 0.045757
2 0.628875 0.306712 0.012826 0.045757
2 0.641078 0.304348 0.011322 0.048309
2 0.526345 0.360470 0.013120 0.041407
2 0.511072 0.359166 0.014099 0.040885
2 0.497267 0.360209 0.012924 0.040189
2 0.483364 0.358731 0.012728 0.040711
2 0.469656 0.360709 0.013587 0.040258
2 0.455460 0.358035 0.012532 0.045931
2 0.442487 0.359600 0.013022 0.046279
2 0.428633 0.353424 0.010574 0.040885
2 0.446181 0.327017 0.015567 0.044539
2 0.435236 0.324879 0.013587 0.049114
2 0.460524 0.330062 0.016840 0.045061
2 0.474476 0.330845 0.015763 0.044191
2 0.488225 0.332528 0.016304 0.043478
2 0.502264 0.332931 0.017210 0.042673
2 0.518127 0.334105 0.017623 0.044713
2 0.526155 0.305485 0.012728 0.037928
2 0.511665 0.303050 0.013707 0.041059
2 0.497713 0.302354 0.012826 0.040711
2 0.482563 0.298712 0.014946 0.048309
2 0.469020 0.299872 0.012434 0.041407
2 0.453844 0.297784 0.013218 0.043147
2 0.440062 0.295653 0.013413 0.042103
2 0.423858 0.289911 0.015274 0.038971
2 0.555461 0.304208 0.013315 0.040015
2 0.540775 0.305252 0.014295 0.038623
2 0.544837 0.273752 0.018116 0.046699
2 0.528821 0.273065 0.018620 0.047322
2 0.559230 0.275947 0.015763 0.042603
2 0.573378 0.278285 0.021148 0.047322
2 0.617683 0.274539 0.022284 0.044887
2 0.601858 0.275322 0.022213 0.047496
2 0.588292 0.276075 0.021736 0.046339
2 0.631428 0.272364 0.023579 0.045409
2 0.515306 0.275100 0.021833 0.048540
2 0.499905 0.273186 0.021500 0.047496
2 0.485734 0.271739 0.020380 0.047504
2 0.471541 0.270751 0.017525 0.044365
2 0.457834 0.271360 0.018700 0.043495
2 0.443001 0.268489 0.015469 0.045409
