0 0.472455 0.470052 0.031203 0.015905
0 0.494481 0.474070 0.035957 0.018033
0 0.453513 0.464437 0.037878 0.019705
0 0.431067 0.461763 0.036875 0.015174
0 0.409506 0.457228 0.034278 0.026786
0 0.388920 0.457522 0.034135 0.019660
0 0.367619 0.453742 0.034395 0.021772
0 0.345490 0.453691 0.036973 0.021687
0 0.325913 0.455655 0.034757 0.021038
0 0.304320 0.454990 0.033930 0.020768
0 0.284317 0.458495 0.037703 0.027633
0 0.265114 0.463301 0.029001 0.036358
2 0.442483 0.427691 0.024012 0.062422
2 0.420051 0.423938 0.025132 0.068043
2 0.463444 0.430489 0.024124 0.064283
2 0.487017 0.434851 0.024655 0.064615
2 0.397769 0.415843 0.023513 0.062683
2 0.378286 0.413730 0.024519 0.062715
2 0.355450 0.415690 0.027010 0.064180
2 0.332766 0.411938 0.024163 0.064085
2 0.312622 0.412635 0.023716 0.063705
2 0.292191 0.411278 0.023368 0.062873
2 0.272726 0.418449 0.021888 0.063726
0 0.514242 0.481359 0.034334 0.016383
2 0.509176 0.443071 0.022645 0.064029
2 0.529662 0.446766 0.023850 0.069891
2 0.515310 0.394288 0.024874 0.071161
2 0.493413 0.392837 0.022459 0.068000
2 0.470853 0.388420 0.020327 0.068375
2 0.534505 0.405175 0.019911 0.072761
2 0.499932 0.342274 0.025806 0.077762
2 0.477476 0.341930 0.025701 0.078518
2 0.457623 0.339425 0.027165 0.073590
2 0.448625 0.382776 0.023414 0.070338
2 0.435148 0.337407 0.024888 0.073896
2 0.426435 0.380944 0.020755 0.067125
2 0.405039 0.378198 0.020099 0.058496
2 0.411386 0.332730 0.025087 0.073729
2 0.389244 0.330386 0.020943 0.066642
2 0.384607 0.372344 0.021179 0.063854
2 0.362762 0.375378 0.021536 0.062346
2 0.368066 0.329843 0.023523 0.066480
2 0.341838 0.374207 0.021598 0.058496
2 0.320088 0.369362 0.022959 0.059857
2 0.298239 0.369632 0.021443 0.066886
2 0.277378 0.374811 0.020658 0.067747
2 0.256811 0.377102 0.020476 0.068829
2 0.235779 0.380623 0.023573 0.072903
2 0.252056 0.419756 0.023994 0.060453
2 0.260260 0.327004 0.027652 0.071926
2 0.238440 0.325272 0.023228 0.064722
2 0.283409 0.325990 0.026874 0.067235
2 0.304387 0.327395 0.025925 0.068298
2 0.218291 0.323478 0.022646 0.056676
2 0.325159 0.327952 0.024015 0.071005
2 0.346559 0.327699 0.023073 0.067520
2 0.330669 0.283428 0.022216 0.060757
2 0.352998 0.283386 0.020742 0.062655
2 0.375283 0.287029 0.020061 0.062234
2 0.395903 0.285483 0.016800 0.067488
2 0.308541 0.282153 0.021100 0.066989
2 0.285905 0.281755 0.021735 0.064275
2 0.264479 0.282128 0.021607 0.068699
2 0.243389 0.280276 0.021889 0.063426
2 0.222566 0.275616 0.020486 0.068291
2 0.416807 0.288303 0.021372 0.061816
2 0.439568 0.293712 0.018861 0.062540
2 0.461535 0.291024 0.021498 0.068628
2 0.482719 0.296272 0.020268 0.064128
2 0.502163 0.302161 0.020748 0.066121
2 0.520099 0.346914 0.026447 0.071802
2 0.530097 0.306404 0.022826 0.061547
2 0.493983 0.254768 0.023745 0.067494
2 0.512358 0.261673 0.021554 0.070863
2 0.469885 0.250176 0.025925 0.063867
2 0.447629 0.250371 0.028076 0.064022
2 0.425369 0.247333 0.026683 0.065188
2 0.405235 0.243946 0.024306 0.066160
2 0.383215 0.244222 0.027138 0.071802
2 0.362239 0.245476 0.025948 0.063543
2 0.336838 0.241953 0.024558 0.063387
2 0.318731 0.241882 0.024913 0.053910
2 0.294871 0.242637 0.026461 0.055461
2 0.271238 0.240274 0.026903 0.062739
2 0.250341 0.236708 0.025265 0.061334
2 0.227311 0.233652 0.024457 0.059947
2 0.205056 0.223643 0.024413 0.062331
2 0.205683 0.190752 0.023417 0.049382
2 0.220215 0.189213 0.042016 0.064430
2 0.242876 0.194453 0.044448 0.062214
2 0.265168 0.196425 0.046939 0.064190
2 0.292232 0.201413 0.034914 0.063711
2 0.310948 0.201004 0.039699 0.061055
2 0.334931 0.200511 0.037385 0.061689
2 0.356169 0.200530 0.037677 0.060349
2 0.381330 0.200520 0.035188 0.060044
2 0.402463 0.199207 0.037075 0.062448
2 0.425112 0.200713 0.033869 0.060705
2 0.446527 0.203666 0.036868 0.063348
2 0.469853 0.209944 0.036208 0.058217
2 0.492287 0.211822 0.038145 0.065836
