1 0.495660 0.703139 0.086141 0.089505
1 0.409532 0.707992 0.060953 0.089516
1 0.449091 0.701466 0.069759 0.100065
1 0.539446 0.779585 0.212664 0.040927
1 0.547301 0.759516 0.220341 0.024898
1 0.525630 0.740941 0.168048 0.033584
1 0.355365 0.731929 0.164540 0.047036
1 0.352161 0.747064 0.162895 0.023486
1 0.354731 0.765516 0.155861 0.019393
1 0.423424 0.811011 0.069179 0.093993
1 0.451632 0.814953 0.052366 0.083708
1 0.499573 0.813592 0.057260 0.044473
1 0.306834 0.860767 0.115177 0.097780
1 0.341171 0.861974 0.080661 0.097680
1 0.377724 0.865156 0.079771 0.086433
1 0.264733 0.827225 0.187844 0.031300
1 0.265376 0.802375 0.207556 0.034746
1 0.262771 0.785144 0.209688 0.039798
1 0.490127 0.864769 0.062680 0.096201
1 0.533660 0.867388 0.057689 0.098303
1 0.573068 0.858713 0.100076 0.108699
1 0.638166 0.837840 0.191834 0.070103
1 0.644217 0.828030 0.184344 0.052606
1 0.635305 0.810366 0.175281 0.033214
1 0.578618 0.649620 0.087483 0.102856
1 0.544953 0.649935 0.052261 0.079220
1 0.660812 0.694569 0.180011 0.035326
1 0.656091 0.738972 0.193706 0.043911
1 0.656566 0.716695 0.197231 0.030176
1 0.764995 0.807510 0.184401 0.043064
1 0.765638 0.792444 0.191356 0.035384
1 0.761796 0.766383 0.181098 0.029085
1 0.797200 0.697092 0.187904 0.040344
1 0.792333 0.677099 0.183857 0.039836
1 0.785490 0.649630 0.179317 0.032050
1 0.743296 0.606803 0.108288 0.105766
1 0.708291 0.605222 0.075545 0.106196
1 0.655992 0.609809 0.053431 0.089045
1 0.601711 0.655712 0.117481 0.108972
1 0.267287 0.711301 0.166736 0.030231
1 0.264117 0.691477 0.181122 0.024939
1 0.257716 0.668373 0.193513 0.043157
1 0.398000 0.644505 0.071271 0.094594
1 0.346479 0.642348 0.071415 0.094451
1 0.310486 0.646851 0.100396 0.081724
1 0.436146 0.596943 0.067591 0.088681
1 0.532105 0.596146 0.077544 0.101312
1 0.474807 0.594141 0.081106 0.098645
1 0.294704 0.578955 0.077978 0.111899
1 0.245573 0.578939 0.073617 0.116386
1 0.195120 0.576875 0.070416 0.095008
1 0.156680 0.638986 0.135287 0.027417
1 0.154838 0.610370 0.169177 0.062861
1 0.166743 0.603765 0.150427 0.064231
1 0.155285 0.712436 0.186631 0.050150
1 0.154837 0.731691 0.188439 0.039080
1 0.156839 0.761365 0.161550 0.030809
1 0.058901 0.800454 0.117802 0.025307
1 0.063996 0.777599 0.127991 0.032483
1 0.060906 0.751138 0.121812 0.060450
1 0.064983 0.687375 0.129966 0.032954
1 0.056285 0.660185 0.112570 0.029497
1 0.067456 0.628399 0.134911 0.082537
1 0.075198 0.564429 0.150396 0.030369
1 0.073339 0.535549 0.146679 0.042756
1 0.070404 0.518433 0.140808 0.059008
1 0.216530 0.505243 0.112323 0.095499
1 0.156218 0.506709 0.085074 0.096397
1 0.092682 0.501136 0.091554 0.087347
1 0.322108 0.524256 0.059547 0.087314
1 0.377580 0.525823 0.073948 0.094512
1 0.437547 0.525198 0.120114 0.095110
0 0.508498 0.504065 0.076632 0.039820
0 0.277390 0.495570 0.052501 0.039596
0 0.031803 0.476508 0.063606 0.028753
1 0.556195 0.534007 0.066630 0.089969
1 0.610546 0.535759 0.075430 0.092973
1 0.668310 0.540819 0.104832 0.091955
1 0.800549 0.552520 0.077433 0.092878
1 0.854072 0.556420 0.090972 0.092145
1 0.881946 0.561640 0.124692 0.088980
1 0.874479 0.596898 0.116281 0.031374
1 0.866937 0.626835 0.118704 0.033762
1 0.870251 0.653293 0.097469 0.045355
1 0.861930 0.722676 0.087837 0.026104
1 0.846643 0.762854 0.097408 0.044977
1 0.851795 0.744831 0.095904 0.023764
1 0.834445 0.823865 0.100513 0.030765
1 0.830217 0.846448 0.097278 0.022538
1 0.824467 0.872013 0.097190 0.035861
1 0.816238 0.923853 0.092521 0.023561
1 0.731906 0.906404 0.174603 0.046713
1 0.744091 0.894748 0.186366 0.034026
1 0.737781 0.872725 0.158313 0.034978
1 0.675773 0.911608 0.078155 0.063268
1 0.641836 0.917352 0.061347 0.060392
1 0.599640 0.916591 0.064306 0.068855
1 0.550952 0.937875 0.031982 0.031692
1 0.523271 0.939288 0.051076 0.034508
1 0.497360 0.939402 0.057784 0.038715
1 0.452818 0.922570 0.055973 0.077659
1 0.418618 0.920401 0.056720 0.085693
1 0.392680 0.919763 0.076108 0.089996
1 0.352870 0.946155 0.045182 0.035406
1 0.316778 0.940823 0.062335 0.040095
1 0.285405 0.938883 0.077958 0.037871
1 0.143635 0.926662 0.050932 0.047375
1 0.105481 0.922419 0.090013 0.049031
1 0.067126 0.919051 0.133139 0.047327
1 0.063354 0.856958 0.126708 0.075187
1 0.060322 0.880999 0.120644 0.042115
1 0.043981 0.906491 0.087963 0.031356
1 0.258758 0.905789 0.076194 0.079370
1 0.222462 0.902400 0.063553 0.085492
1 0.197394 0.900378 0.104775 0.088377
1 0.140952 0.826537 0.212551 0.045807
1 0.145342 0.852416 0.187243 0.029773
1 0.151898 0.872213 0.165469 0.038185
0 0.743400 0.513608 0.094386 0.035233
