0 0.258392 0.478844 0.024886 0.018677
0 0.273944 0.476174 0.033958 0.017906
0 0.293192 0.475693 0.028296 0.019532
0 0.305538 0.470990 0.024279 0.016035
0 0.326112 0.469386 0.023968 0.015590
0 0.341246 0.465824 0.026636 0.014472
0 0.354857 0.462788 0.030078 0.016047
0 0.370556 0.458090 0.024284 0.014027
0 0.389333 0.456767 0.023433 0.016047
0 0.406030 0.453861 0.030470 0.018476
0 0.421761 0.453336 0.024832 0.013569
0 0.436934 0.449402 0.029932 0.017660
0 0.452264 0.444630 0.027615 0.015564
0 0.471550 0.439535 0.023973 0.011111
0 0.487106 0.433472 0.023616 0.011027
0 0.503880 0.426289 0.025063 0.014176
0 0.519470 0.420791 0.024813 0.013729
0 0.237302 0.483306 0.028167 0.014275
3 0.393118 0.530162 0.020414 0.041322
3 0.409478 0.527858 0.022694 0.043774
3 0.374816 0.534049 0.021559 0.041031
3 0.401864 0.576488 0.018421 0.037512
3 0.436444 0.495326 0.012519 0.033451
3 0.453389 0.494175 0.018016 0.029491
3 0.469067 0.488155 0.015457 0.025099
3 0.485567 0.485115 0.016752 0.027584
3 0.501361 0.479206 0.014145 0.030739
3 0.514985 0.472745 0.016329 0.030389
3 0.422227 0.500323 0.017659 0.028281
3 0.386344 0.488081 0.023028 0.039376
3 0.434915 0.478686 0.023106 0.040259
3 0.450590 0.469138 0.024848 0.026627
3 0.467587 0.472604 0.023429 0.038798
3 0.484629 0.464854 0.024560 0.039886
3 0.513541 0.452269 0.024404 0.036718
3 0.529767 0.448048 0.022425 0.044772
3 0.499303 0.458916 0.023000 0.038467
3 0.521165 0.500446 0.016894 0.037558
3 0.505859 0.502878 0.019945 0.045209
3 0.491188 0.507919 0.019500 0.042437
3 0.474810 0.512295 0.019139 0.041731
3 0.458679 0.516914 0.019613 0.036337
3 0.441035 0.516531 0.021060 0.032257
3 0.425408 0.522955 0.019148 0.033338
3 0.402679 0.482341 0.021212 0.035800
3 0.421409 0.478442 0.017418 0.031361
3 0.403217 0.499053 0.018152 0.029133
3 0.369850 0.490948 0.024500 0.041427
3 0.387618 0.502738 0.015271 0.029957
3 0.369329 0.510341 0.016562 0.032293
3 0.350558 0.492046 0.021342 0.034506
3 0.358782 0.539517 0.020385 0.036727
3 0.354668 0.511895 0.018208 0.028325
3 0.339035 0.515616 0.016297 0.029040
3 0.333824 0.493683 0.020989 0.031089
3 0.301197 0.520254 0.019329 0.027817
3 0.315682 0.517848 0.018180 0.026024
3 0.283798 0.520202 0.017869 0.025060
3 0.267442 0.522142 0.018128 0.025245
3 0.249839 0.525710 0.016249 0.023070
3 0.232875 0.528583 0.018567 0.025150
3 0.316547 0.494195 0.023460 0.026760
3 0.299627 0.498135 0.020799 0.026369
3 0.283441 0.501058 0.024022 0.032860
3 0.264501 0.504722 0.021101 0.031685
3 0.248557 0.509286 0.021376 0.028031
3 0.233699 0.513479 0.020012 0.026077
3 0.274043 0.538177 0.020060 0.034258
3 0.293239 0.541675 0.019150 0.034631
3 0.309009 0.536031 0.020474 0.024697
3 0.325801 0.536674 0.021209 0.029465
3 0.343558 0.539753 0.020599 0.035131
3 0.258689 0.544117 0.019287 0.028878
3 0.241346 0.548725 0.020781 0.026959
3 0.536123 0.490871 0.019033 0.029994
3 0.528739 0.469018 0.016302 0.026472
3 0.539612 0.517555 0.021930 0.030132
3 0.521018 0.523766 0.017411 0.032316
3 0.506266 0.527531 0.016786 0.030845
3 0.488896 0.529960 0.015666 0.025246
3 0.474475 0.534546 0.014634 0.024268
3 0.457601 0.537555 0.015576 0.024444
3 0.441299 0.541623 0.017064 0.023532
3 0.424413 0.542961 0.017727 0.031316
3 0.408776 0.547463 0.015959 0.023555
3 0.391869 0.550663 0.016767 0.026921
3 0.375757 0.555242 0.018466 0.027648
3 0.342718 0.558155 0.017356 0.026127
3 0.359907 0.557803 0.016345 0.023606
3 0.325345 0.560849 0.019737 0.028302
3 0.308622 0.561117 0.018650 0.028185
3 0.292830 0.560886 0.023529 0.032837
3 0.275192 0.562495 0.018255 0.027494
3 0.261686 0.564582 0.018592 0.028575
3 0.243637 0.571358 0.018185 0.029184
3 0.267321 0.589995 0.021707 0.032369
3 0.284497 0.584741 0.021617 0.027805
3 0.299827 0.589869 0.017672 0.034923
3 0.316469 0.579171 0.021215 0.029781
3 0.333516 0.581112 0.022089 0.036315
3 0.349863 0.576685 0.019369 0.029414
3 0.366850 0.575811 0.020871 0.028966
3 0.385040 0.576955 0.020734 0.036626
3 0.416917 0.566772 0.020189 0.030078
3 0.431773 0.564070 0.021533 0.030985
3 0.449622 0.558941 0.020052 0.030557
3 0.465504 0.554736 0.019097 0.028758
3 0.482507 0.550586 0.021223 0.029027
3 0.497990 0.546805 0.020403 0.031286
3 0.516120 0.545384 0.020282 0.031833
3 0.532940 0.544420 0.018599 0.037010
3 0.547309 0.538685 0.015791 0.033304
0 0.534905 0.418957 0.023227 0.020685
3 0.553467 0.582409 0.019663 0.037719
3 0.546079 0.562415 0.014446 0.022205
3 0.530605 0.566804 0.015417 0.024698
3 0.561563 0.561011 0.017078 0.031408
3 0.553968 0.518850 0.015772 0.035846
3 0.548361 0.471386 0.013607 0.030475
3 0.514581 0.568898 0.016890 0.027773
3 0.498301 0.573451 0.016814 0.026328
3 0.481752 0.576594 0.017563 0.027674
3 0.465305 0.581432 0.016466 0.027142
3 0.448920 0.582094 0.015770 0.030307
3 0.432553 0.588206 0.017161 0.026778
3 0.415790 0.590700 0.019247 0.025947
3 0.400583 0.594308 0.016868 0.026204
3 0.384147 0.595750 0.015675 0.019483
3 0.368641 0.595857 0.018634 0.024552
3 0.350090 0.599242 0.018407 0.026627
3 0.332620 0.602571 0.020883 0.027035
3 0.317234 0.605915 0.018549 0.030253
3 0.285118 0.610050 0.016329 0.030693
3 0.267560 0.610303 0.017706 0.023244
3 0.249948 0.600185 0.022272 0.048093
3 0.243208 0.613531 0.016551 0.034791
3 0.290734 0.631197 0.024220 0.033883
3 0.308050 0.627358 0.019161 0.037467
3 0.323451 0.628942 0.019769 0.031461
3 0.342775 0.622728 0.020901 0.020564
3 0.358846 0.614041 0.019418 0.028521
3 0.272947 0.632057 0.019828 0.027267
3 0.257782 0.633958 0.018035 0.032374
3 0.375045 0.615405 0.019350 0.026785
3 0.391348 0.611352 0.020814 0.025938
3 0.407418 0.612590 0.021281 0.028764
3 0.424520 0.609500 0.018158 0.027460
3 0.438636 0.607188 0.016911 0.030169
3 0.457126 0.601527 0.020246 0.033602
3 0.473109 0.599742 0.018053 0.031778
3 0.488939 0.594789 0.019132 0.031285
3 0.504735 0.592152 0.022604 0.033590
3 0.522430 0.591326 0.018337 0.030453
3 0.538490 0.586236 0.017797 0.030309
3 0.522819 0.610480 0.018489 0.031881
3 0.501819 0.615641 0.018664 0.032090
3 0.483663 0.617022 0.021151 0.034450
3 0.538523 0.606771 0.024977 0.033565
3 0.469724 0.620698 0.017955 0.026705
3 0.454983 0.623383 0.017645 0.029752
3 0.437103 0.628890 0.019178 0.033259
3 0.421231 0.633669 0.017055 0.032708
3 0.406277 0.634001 0.017354 0.037067
3 0.389218 0.638991 0.019832 0.038126
3 0.372503 0.640185 0.020684 0.034916
3 0.355601 0.643857 0.021915 0.037289
3 0.337487 0.647386 0.023723 0.038049
3 0.322028 0.648845 0.022309 0.037668
3 0.304632 0.650963 0.018578 0.034381
3 0.286738 0.651167 0.021698 0.035372
3 0.269692 0.653704 0.019482 0.031891
3 0.256238 0.654699 0.014132 0.032137
