0 0.750684 0.735060 0.085396 0.044090
0 0.291144 0.773272 0.064695 0.030863
0 0.344444 0.769230 0.052197 0.031598
0 0.377894 0.773272 0.049992 0.029394
0 0.419064 0.769965 0.060284 0.021310
0 0.462806 0.769598 0.081604 0.023515
0 0.516474 0.769598 0.061019 0.022045
0 0.564995 0.763352 0.066901 0.031598
0 0.621236 0.756371 0.054403 0.019106
0 0.677844 0.750492 0.072047 0.036742
3 0.482460 0.604623 0.051696 0.098235
3 0.394691 0.614276 0.048856 0.077793
3 0.351232 0.623645 0.044879 0.059054
3 0.298968 0.627620 0.047151 0.060190
3 0.254657 0.624213 0.044879 0.063597
3 0.210914 0.622509 0.058513 0.062461
3 0.525067 0.620806 0.040334 0.054512
3 0.573922 0.621942 0.053968 0.065868
3 0.616529 0.607178 0.048287 0.059054
3 0.661692 0.607746 0.047719 0.057919
3 0.708965 0.605758 0.049748 0.061894
3 0.754574 0.593550 0.051696 0.062461
3 0.660134 0.698828 0.036926 0.064165
3 0.620368 0.703087 0.040334 0.069275
3 0.577941 0.713592 0.049064 0.070979
3 0.533734 0.722677 0.049992 0.055080
3 0.484311 0.721257 0.054536 0.064733
3 0.442840 0.715011 0.046583 0.071547
3 0.392849 0.724664 0.054536 0.051105
3 0.343425 0.727220 0.049992 0.061894
3 0.297978 0.723245 0.052264 0.063029
3 0.249122 0.724380 0.043175 0.057351
3 0.200267 0.717850 0.045447 0.060190
3 0.700184 0.694853 0.045447 0.072114
3 0.743268 0.682077 0.055854 0.069275
3 0.458747 0.671856 0.044311 0.069275
3 0.348215 0.670509 0.051380 0.061073
3 0.303431 0.668427 0.053463 0.062461
3 0.263507 0.676061 0.051380 0.066625
3 0.212821 0.671897 0.049992 0.051357
3 0.400790 0.675275 0.053968 0.060493
3 0.495093 0.665549 0.053968 0.053825
3 0.535427 0.665263 0.044879 0.064617
3 0.583146 0.663986 0.048287 0.059222
3 0.628593 0.661799 0.050560 0.055647
3 0.673188 0.656120 0.051128 0.047698
3 0.715795 0.641641 0.043175 0.053944
3 0.760674 0.632037 0.047719 0.049302
3 0.766940 0.543189 0.052264 0.061326
3 0.718109 0.548330 0.052223 0.063354
3 0.674143 0.553116 0.048206 0.063597
3 0.624821 0.553238 0.044189 0.058892
3 0.578400 0.565507 0.046867 0.071831
3 0.535327 0.571535 0.050884 0.066021
3 0.488460 0.569179 0.051777 0.082332
3 0.443601 0.569299 0.054902 0.071384
3 0.431250 0.600781 0.059375 0.101562
3 0.395283 0.573874 0.040618 0.065138
3 0.353549 0.570081 0.039279 0.076292
3 0.310550 0.575870 0.052223 0.087901
3 0.264799 0.573418 0.042850 0.074067
3 0.219717 0.567175 0.046421 0.067815
3 0.171734 0.509621 0.042404 0.074954
3 0.168833 0.601751 0.039279 0.075400
3 0.207889 0.507167 0.049545 0.072723
3 0.252078 0.517429 0.049545 0.067369
3 0.301846 0.510290 0.050884 0.075400
3 0.342969 0.517969 0.042188 0.070312
3 0.387100 0.521667 0.050884 0.081200
3 0.433219 0.513944 0.050884 0.084769
3 0.481872 0.507475 0.043743 0.081646
3 0.524276 0.508814 0.034816 0.081646
3 0.575383 0.507029 0.045082 0.087892
3 0.617340 0.498998 0.043296 0.079861
3 0.661530 0.495652 0.036155 0.080307
3 0.709066 0.490298 0.042850 0.083877
3 0.401305 0.462297 0.042404 0.051075
3 0.356893 0.470668 0.042850 0.064246
3 0.445271 0.469329 0.052670 0.066923
3 0.492188 0.469531 0.043750 0.060937
3 0.538782 0.467768 0.038833 0.067369
3 0.582525 0.457729 0.043296 0.058892
3 0.628499 0.456391 0.045082 0.065138
3 0.672912 0.447468 0.035708 0.068707
3 0.721564 0.450814 0.049992 0.063800
3 0.758165 0.491191 0.049099 0.072277
3 0.769547 0.446575 0.042404 0.056215
3 0.752929 0.401018 0.051777 0.063354
3 0.707178 0.403472 0.043296 0.054877
3 0.662319 0.402357 0.046421 0.088338
3 0.614062 0.407813 0.046875 0.071875
3 0.571040 0.404364 0.042404 0.067369
3 0.530645 0.409718 0.050884 0.081646
3 0.481099 0.411726 0.044635 0.077630
3 0.435348 0.407710 0.043296 0.079415
3 0.309375 0.461719 0.037500 0.057813
3 0.264142 0.462812 0.046867 0.060677
3 0.219953 0.461474 0.043296 0.066923
3 0.169078 0.402805 0.032603 0.072723
3 0.206563 0.409274 0.051331 0.073169
3 0.256331 0.406820 0.048206 0.079861
3 0.297619 0.412620 0.055794 0.080754
3 0.342701 0.412397 0.045082 0.074061
3 0.389122 0.411282 0.047760 0.081646
3 0.756856 0.347913 0.050884 0.062907
3 0.715148 0.353490 0.049493 0.063354
3 0.665625 0.350000 0.062500 0.056250
3 0.630092 0.354382 0.059812 0.071384
3 0.580769 0.358844 0.056687 0.075846
3 0.544168 0.358397 0.056687 0.080307
3 0.495022 0.359629 0.052223 0.078077
3 0.450386 0.365652 0.067400 0.075846
3 0.399279 0.365206 0.073202 0.066923
3 0.354420 0.362752 0.063829 0.079861
3 0.314694 0.355837 0.063829 0.080307
3 0.270728 0.356506 0.066060 0.073615
3 0.229441 0.349144 0.059365 0.086554
3 0.186144 0.344037 0.055794 0.076244
