0 0.160855 0.410510 0.084834 0.145365
0 0.192921 0.487807 0.088570 0.161516
0 0.225417 0.569048 0.072500 0.128571
0 0.257446 0.648499 0.074273 0.146848
0 0.287917 0.729628 0.078082 0.142316
0 0.320428 0.811758 0.079035 0.130531
0 0.355899 0.878837 0.078558 0.125093
0 0.388512 0.954980 0.070464 0.085208
0 0.105309 0.675503 0.057133 0.167697
0 0.129115 0.754366 0.059038 0.147754
0 0.078647 0.592971 0.063799 0.142404
0 0.056270 0.497421 0.051420 0.148583
0 0.156729 0.841387 0.073321 0.138690
0 0.192438 0.911638 0.082843 0.123280
0 0.225653 0.960843 0.081415 0.078315
0 0.028009 0.414613 0.056018 0.137783
0 0.012297 0.339846 0.024594 0.153161
0 0.566009 0.886100 0.085224 0.121467
0 0.527205 0.813129 0.068560 0.113309
0 0.492500 0.728571 0.066667 0.082540
0 0.426870 0.583393 0.073961 0.119953
0 0.457393 0.663486 0.070048 0.095366
0 0.392031 0.519038 0.071222 0.113248
0 0.360529 0.440808 0.070831 0.116228
0 0.327083 0.380159 0.069167 0.103175
0 0.290558 0.310097 0.059873 0.076740
0 0.257491 0.242298 0.066526 0.079720
0 0.222467 0.176079 0.065322 0.083758
0 0.370000 0.211111 0.058333 0.095238
0 0.401218 0.288643 0.065989 0.100779
0 0.432379 0.362033 0.068989 0.099940
0 0.462874 0.426299 0.071321 0.104661
0 0.497800 0.486041 0.066322 0.109139
0 0.523796 0.556712 0.067655 0.109931
0 0.552291 0.636107 0.057990 0.117388
0 0.572552 0.697644 0.070322 0.116119
0 0.599047 0.778702 0.072655 0.099944
0 0.631209 0.844537 0.076987 0.102793
0 0.666688 0.920543 0.076543 0.104260
0 0.421308 0.072247 0.061990 0.127540
0 0.450304 0.136652 0.062656 0.118022
0 0.478772 0.192173 0.059044 0.092007
0 0.508392 0.264786 0.055991 0.105966
0 0.538554 0.345688 0.070988 0.114215
0 0.572048 0.410824 0.067989 0.100696
0 0.608048 0.476354 0.067655 0.111677
0 0.634877 0.543533 0.067322 0.129606
0 0.669640 0.634691 0.064656 0.149749
0 0.695302 0.706110 0.079320 0.151584
0 0.732463 0.778628 0.080987 0.141066
0 0.769134 0.852068 0.079987 0.137692
0 0.806961 0.919722 0.083653 0.134366
0 0.842955 0.961190 0.071655 0.077619
0 0.544410 0.055595 0.061323 0.089603
0 0.582181 0.139485 0.046215 0.085954
0 0.617064 0.198536 0.041326 0.067683
0 0.637199 0.251414 0.042491 0.082066
0 0.663723 0.333479 0.056435 0.100678
0 0.694607 0.388049 0.050658 0.086296
0 0.731953 0.447442 0.046215 0.071067
0 0.762809 0.514279 0.050159 0.071067
0 0.798191 0.557003 0.050605 0.063453
0 0.839713 0.614111 0.065323 0.071067
0 0.880795 0.472823 0.052480 0.079527
0 0.847490 0.407678 0.056879 0.076143
0 0.914367 0.537968 0.055546 0.091372
0 0.952361 0.594652 0.046215 0.091372
0 0.815417 0.345238 0.057500 0.071429
0 0.783487 0.275956 0.056785 0.095758
0 0.753621 0.205052 0.054757 0.110817
0 0.723596 0.135787 0.055771 0.097688
0 0.687903 0.066093 0.060233 0.095758
0 0.920929 0.292178 0.059855 0.059076
0 0.883588 0.252094 0.063478 0.069888
