0 0.512502 0.426442 0.026727 0.015020
0 0.530172 0.422151 0.024875 0.017595
0 0.550700 0.417645 0.024875 0.016308
0 0.572329 0.413902 0.028075 0.022933
0 0.589196 0.412695 0.027396 0.015691
0 0.607988 0.411086 0.026037 0.014081
0 0.630403 0.411891 0.027396 0.014886
0 0.646592 0.414506 0.028981 0.013679
0 0.663799 0.411891 0.026264 0.017300
0 0.682704 0.415914 0.025132 0.024542
0 0.701383 0.419334 0.029434 0.028968
0 0.492732 0.430719 0.026264 0.014081
0 0.475525 0.437156 0.022641 0.013277
2 0.480232 0.401324 0.021056 0.053912
2 0.498126 0.398910 0.022883 0.044256
2 0.517590 0.393076 0.018792 0.043854
2 0.538496 0.392110 0.021739 0.043478
2 0.557745 0.382448 0.019475 0.054750
2 0.577363 0.375575 0.018339 0.057935
2 0.594117 0.373362 0.019245 0.051096
2 0.616192 0.376581 0.021283 0.063970
2 0.634079 0.372155 0.020377 0.060751
2 0.653324 0.370747 0.019924 0.056326
2 0.671324 0.372557 0.019698 0.060751
2 0.459742 0.404140 0.019924 0.053912
2 0.690301 0.376602 0.019245 0.055923
2 0.708640 0.379016 0.019698 0.055924
2 0.730036 0.386861 0.018113 0.053912
2 0.718524 0.347424 0.020380 0.052335
2 0.698430 0.339540 0.017619 0.055302
2 0.679988 0.335151 0.015972 0.053546
2 0.662616 0.336614 0.017784 0.052961
2 0.642606 0.336891 0.018717 0.051498
2 0.621399 0.339439 0.020981 0.051230
2 0.603965 0.337561 0.018113 0.054985
2 0.583437 0.336891 0.017207 0.052571
2 0.565195 0.339714 0.015245 0.050693
2 0.546403 0.344139 0.019320 0.057935
2 0.526102 0.346285 0.020377 0.056326
2 0.506253 0.350308 0.016302 0.057399
2 0.487989 0.355136 0.018113 0.058472
2 0.467989 0.358355 0.019170 0.065445
2 0.447917 0.363929 0.015399 0.066023
2 0.444852 0.310777 0.012679 0.040769
2 0.456324 0.319494 0.017207 0.052303
2 0.475720 0.317483 0.023094 0.047206
2 0.494059 0.310241 0.019924 0.064909
2 0.514285 0.304608 0.020226 0.062763
2 0.533681 0.303669 0.022188 0.059813
2 0.553317 0.297777 0.022641 0.064372
2 0.573543 0.295632 0.019019 0.060081
2 0.592939 0.294559 0.021886 0.057399
2 0.612260 0.297375 0.019170 0.059276
2 0.632259 0.294425 0.019019 0.068932
2 0.652155 0.295494 0.016604 0.059008
2 0.670721 0.294421 0.020528 0.059008
2 0.690268 0.293348 0.018868 0.065445
2 0.708903 0.293884 0.017520 0.061690
2 0.726342 0.291202 0.019170 0.059008
2 0.718197 0.250333 0.018717 0.061690
2 0.698876 0.254088 0.019924 0.055789
2 0.680660 0.251809 0.019718 0.055521
2 0.661066 0.255430 0.016754 0.050961
2 0.641519 0.253150 0.014792 0.056058
2 0.622047 0.252211 0.015396 0.052034
2 0.602274 0.255430 0.014490 0.056862
2 0.581649 0.257987 0.018415 0.052034
2 0.563159 0.257451 0.017056 0.056326
2 0.544820 0.260669 0.020528 0.055789
2 0.525197 0.263217 0.017509 0.051230
2 0.504518 0.260938 0.018415 0.057935
2 0.485047 0.265095 0.016000 0.054448
2 0.467462 0.268850 0.017358 0.052303
2 0.447682 0.264297 0.014490 0.055789
2 0.451153 0.232513 0.022339 0.064104
2 0.472600 0.230274 0.018569 0.059581
2 0.490942 0.221014 0.020833 0.060386
2 0.510699 0.223930 0.019170 0.051766
2 0.530473 0.220980 0.019773 0.058203
2 0.548208 0.219505 0.020226 0.059544
2 0.570564 0.218493 0.021736 0.060617
2 0.590564 0.221577 0.018868 0.055521
2 0.609130 0.219163 0.020075 0.056058
2 0.627876 0.217420 0.020017 0.050425
2 0.647771 0.218090 0.020679 0.045865
2 0.668159 0.218490 0.022188 0.056594
2 0.689764 0.215378 0.022645 0.052335
2 0.708687 0.210711 0.019019 0.054985
2 0.726573 0.203604 0.020075 0.053644
2 0.709256 0.173121 0.035773 0.057935
2 0.688124 0.176339 0.033962 0.053644
2 0.722614 0.172048 0.023849 0.046134
2 0.668035 0.178907 0.035471 0.055521
2 0.645154 0.182770 0.027627 0.054750
2 0.628035 0.180651 0.030943 0.053644
2 0.608111 0.180382 0.031849 0.053107
2 0.587583 0.178773 0.030339 0.056326
2 0.565621 0.179712 0.031396 0.053375
2 0.546074 0.180114 0.028226 0.055253
2 0.526754 0.180919 0.029434 0.053107
2 0.504059 0.184675 0.024603 0.051766
2 0.484210 0.188028 0.031094 0.053107
2 0.464814 0.189771 0.030339 0.056594
