0 0.558098 0.248306 0.026113 0.012746
0 0.538369 0.248186 0.027616 0.015135
0 0.578553 0.249446 0.022236 0.013041
0 0.521457 0.245839 0.025231 0.015806
0 0.501405 0.244565 0.029675 0.017979
0 0.477058 0.247885 0.028232 0.014133
0 0.461725 0.247354 0.025177 0.017256
0 0.443582 0.249863 0.023159 0.012970
0 0.430331 0.248930 0.023804 0.011961
0 0.413213 0.247348 0.024197 0.016405
0 0.395388 0.243226 0.019985 0.008480
0 0.381286 0.240210 0.023591 0.009854
0 0.361979 0.236303 0.026185 0.011378
2 0.375835 0.299376 0.018001 0.046369
2 0.391175 0.300879 0.018360 0.046720
2 0.360245 0.297094 0.015018 0.043949
2 0.370434 0.262092 0.016560 0.039480
2 0.402806 0.267455 0.017011 0.037983
2 0.386767 0.265154 0.018088 0.040760
2 0.418354 0.271117 0.017515 0.035005
2 0.435323 0.270190 0.019583 0.033637
2 0.452004 0.271357 0.019361 0.031570
2 0.354300 0.259756 0.020165 0.032939
2 0.344223 0.287523 0.017426 0.039848
2 0.406775 0.301293 0.017670 0.048314
2 0.422950 0.302057 0.016713 0.043377
2 0.438745 0.301734 0.019296 0.047402
2 0.398908 0.334044 0.017227 0.042867
2 0.367046 0.331429 0.015806 0.045228
2 0.383423 0.333293 0.014056 0.042009
2 0.352298 0.328404 0.015975 0.045403
2 0.338244 0.328263 0.014765 0.039486
2 0.415491 0.333272 0.014752 0.041700
2 0.432726 0.331192 0.017774 0.042746
2 0.450261 0.331793 0.014977 0.043578
2 0.457223 0.300733 0.020562 0.047738
2 0.470951 0.269149 0.019093 0.037970
2 0.475095 0.298411 0.021586 0.049106
2 0.490380 0.270094 0.022064 0.042116
2 0.494183 0.297941 0.020388 0.046074
2 0.512665 0.296759 0.021719 0.046745
2 0.509932 0.267792 0.021248 0.039848
2 0.526712 0.297269 0.021849 0.044464
2 0.527897 0.266356 0.018423 0.034240
2 0.543551 0.268449 0.016789 0.037138
2 0.546940 0.298400 0.021606 0.047201
2 0.560334 0.267916 0.018247 0.036467
2 0.579550 0.267540 0.020190 0.031235
2 0.561590 0.296481 0.020380 0.046530
2 0.580435 0.296011 0.018647 0.039124
2 0.570672 0.328339 0.013929 0.049871
2 0.586296 0.330224 0.013017 0.051440
2 0.596236 0.298271 0.015513 0.034307
2 0.554411 0.331271 0.017000 0.048999
2 0.537563 0.327451 0.016473 0.041619
2 0.520003 0.328790 0.017153 0.039661
2 0.503352 0.329301 0.016071 0.040412
2 0.485892 0.327966 0.015538 0.035864
2 0.467100 0.330791 0.016835 0.039929
2 0.354911 0.367040 0.016992 0.053118
2 0.370587 0.366831 0.019784 0.048247
2 0.385714 0.365892 0.019783 0.050850
2 0.402428 0.364898 0.019560 0.044571
2 0.438544 0.364021 0.019416 0.053158
2 0.420186 0.363229 0.020306 0.048972
2 0.456663 0.365985 0.020232 0.048449
2 0.473368 0.363630 0.019153 0.055949
2 0.491736 0.360718 0.020687 0.053158
2 0.508280 0.362829 0.019264 0.050394
2 0.524149 0.360265 0.020793 0.055922
2 0.542234 0.361197 0.021636 0.051588
2 0.560150 0.365135 0.018687 0.047657
2 0.575021 0.365629 0.017218 0.047311
2 0.591679 0.365654 0.017789 0.050479
2 0.552554 0.400032 0.015399 0.055600
2 0.534967 0.395552 0.016185 0.044222
2 0.568823 0.402789 0.015508 0.053493
2 0.582960 0.410523 0.012461 0.054741
2 0.517936 0.396766 0.013961 0.038037
2 0.500152 0.397290 0.017915 0.046061
2 0.482449 0.398460 0.017859 0.048046
2 0.464348 0.398722 0.017146 0.039446
2 0.447038 0.399461 0.015621 0.044061
2 0.429614 0.401212 0.014765 0.046302
2 0.412519 0.398107 0.015751 0.048221
2 0.394814 0.400595 0.017486 0.049160
2 0.377436 0.401568 0.015258 0.050220
2 0.359856 0.403434 0.016322 0.050837
2 0.339511 0.367276 0.017694 0.041955
2 0.342366 0.406507 0.018847 0.045631
2 0.339005 0.440275 0.027179 0.055761
2 0.359127 0.436310 0.024146 0.055104
2 0.378746 0.435491 0.022873 0.057170
2 0.397747 0.432582 0.025137 0.052735
2 0.413151 0.433012 0.027365 0.055734
2 0.431920 0.433521 0.028549 0.056271
2 0.448614 0.437123 0.025354 0.054111
2 0.465946 0.436639 0.024043 0.053467
2 0.484750 0.433837 0.024830 0.052037
2 0.501868 0.432056 0.027226 0.056915
2 0.517952 0.433575 0.028784 0.052796
2 0.535720 0.434315 0.026421 0.054185
2 0.554274 0.438599 0.027894 0.054044
2 0.569254 0.445997 0.027128 0.048637
