0 0.637176 0.878309 0.050772 0.036196
0 0.586257 0.878399 0.061529 0.032250
0 0.538211 0.874788 0.066739 0.026665
0 0.682324 0.886416 0.057392 0.029278
0 0.485036 0.874790 0.045391 0.028439
0 0.399679 0.882695 0.052322 0.022920
0 0.444952 0.875921 0.057100 0.019972
0 0.738112 0.879514 0.072784 0.039900
0 0.359802 0.881975 0.044638 0.023118
0 0.310809 0.886986 0.059969 0.027332
1 0.447247 0.809378 0.058335 0.106375
1 0.395698 0.809501 0.063923 0.110743
1 0.349984 0.815532 0.059492 0.106708
1 0.500450 0.806710 0.058506 0.126065
1 0.549499 0.805150 0.076117 0.116769
1 0.609251 0.801663 0.075900 0.134919
1 0.659636 0.817769 0.086878 0.120438
1 0.716318 0.809243 0.081136 0.128995
1 0.765500 0.807542 0.065435 0.121781
1 0.694460 0.703565 0.057402 0.127663
1 0.639501 0.710619 0.059945 0.117346
1 0.582247 0.705758 0.052436 0.109634
1 0.747017 0.704678 0.060113 0.112590
1 0.529022 0.700527 0.057321 0.111663
1 0.478146 0.709926 0.055214 0.103697
1 0.429963 0.707415 0.052500 0.101144
1 0.376014 0.704468 0.055425 0.107687
1 0.319694 0.713672 0.058882 0.115600
1 0.643977 0.617683 0.049500 0.113733
1 0.596361 0.624146 0.048376 0.111072
1 0.539666 0.618996 0.057150 0.116889
1 0.696497 0.622598 0.060055 0.113759
1 0.757494 0.623826 0.062120 0.097302
1 0.487417 0.618118 0.058070 0.106277
1 0.442879 0.617024 0.054446 0.113223
1 0.388905 0.624260 0.059811 0.111409
1 0.340338 0.624516 0.064690 0.108777
1 0.288353 0.628556 0.057493 0.102017
1 0.277115 0.536781 0.050879 0.099532
1 0.328667 0.526215 0.052426 0.111610
1 0.381237 0.530579 0.055439 0.126038
1 0.429008 0.521738 0.058099 0.111637
1 0.476245 0.521548 0.057237 0.117144
1 0.529188 0.516986 0.057076 0.115250
1 0.582311 0.519852 0.060015 0.113759
1 0.631817 0.519442 0.061045 0.104731
1 0.681272 0.511259 0.058465 0.102313
1 0.727348 0.507812 0.061502 0.116809
1 0.744151 0.421847 0.046148 0.102086
1 0.694861 0.426268 0.050863 0.110684
1 0.642724 0.429158 0.049252 0.118180
1 0.595032 0.433754 0.061553 0.109958
1 0.548110 0.436267 0.070816 0.124494
1 0.497298 0.429256 0.071434 0.129921
1 0.439564 0.437151 0.053241 0.118811
1 0.387918 0.435305 0.055506 0.120302
1 0.340945 0.435501 0.046669 0.115694
1 0.292723 0.423674 0.068874 0.123768
1 0.304553 0.328444 0.067619 0.101348
1 0.355759 0.334293 0.072185 0.104128
1 0.396116 0.335535 0.058274 0.081223
1 0.441387 0.345140 0.055345 0.099489
1 0.486926 0.342578 0.045524 0.096067
1 0.530944 0.342007 0.053006 0.096856
1 0.572192 0.339868 0.063599 0.100620
1 0.613914 0.334339 0.066108 0.098781
1 0.666029 0.336292 0.070303 0.104974
1 0.709232 0.334638 0.069440 0.101722
1 0.307406 0.819161 0.053276 0.100291
1 0.271844 0.727762 0.053348 0.109844
