0 0.701490 0.523820 0.021499 0.018105
0 0.686665 0.524222 0.029434 0.018909
0 0.669571 0.522009 0.024679 0.019312
0 0.657797 0.524625 0.021509 0.015691
0 0.638892 0.522814 0.021283 0.014484
0 0.624628 0.524423 0.024000 0.014484
0 0.611836 0.525027 0.026943 0.016495
0 0.597232 0.527039 0.022188 0.014081
0 0.579685 0.526636 0.020603 0.016495
0 0.564403 0.526636 0.026264 0.019714
0 0.549751 0.524826 0.022057 0.013679
0 0.535543 0.526033 0.026475 0.017702
0 0.521051 0.528246 0.024666 0.015691
0 0.503158 0.530056 0.021962 0.011265
0 0.488247 0.532671 0.021898 0.009254
0 0.471800 0.537700 0.023094 0.013679
0 0.457083 0.540315 0.022188 0.013277
0 0.721470 0.522412 0.026387 0.013679
3 0.585790 0.458495 0.016597 0.038025
3 0.570289 0.458420 0.018787 0.039971
3 0.603313 0.457223 0.018281 0.037875
3 0.584123 0.415553 0.015080 0.033534
3 0.542212 0.484768 0.010523 0.031267
3 0.525997 0.483848 0.015698 0.028201
3 0.510989 0.486147 0.014318 0.022990
3 0.495377 0.486760 0.014490 0.024829
3 0.480887 0.490132 0.012075 0.029121
3 0.467777 0.494271 0.014145 0.028814
3 0.555150 0.482622 0.015008 0.026975
3 0.587150 0.497336 0.017595 0.036784
3 0.541656 0.499771 0.016771 0.039339
3 0.525891 0.505620 0.019857 0.025256
3 0.511401 0.500129 0.017710 0.036716
3 0.495032 0.504897 0.018247 0.037193
3 0.465536 0.512349 0.021333 0.034809
3 0.450442 0.514614 0.018247 0.043153
3 0.480965 0.508296 0.016235 0.036716
3 0.466139 0.467646 0.013685 0.034094
3 0.479825 0.467527 0.016369 0.041484
3 0.494181 0.464904 0.015295 0.039577
3 0.509476 0.463355 0.015295 0.038862
3 0.524772 0.461567 0.016369 0.033855
3 0.541543 0.464070 0.016100 0.030279
3 0.555631 0.460851 0.015027 0.031471
3 0.569862 0.500854 0.018650 0.034809
3 0.554164 0.501450 0.013283 0.029325
3 0.572478 0.486311 0.014490 0.027656
3 0.601660 0.497874 0.017576 0.040769
3 0.587237 0.484880 0.012075 0.028133
3 0.604142 0.480351 0.013417 0.030994
3 0.618297 0.499424 0.017845 0.032901
3 0.618096 0.455436 0.016100 0.034570
3 0.618364 0.481304 0.016637 0.026703
3 0.632466 0.479702 0.014625 0.026941
3 0.634345 0.501040 0.018113 0.028610
3 0.667753 0.480537 0.016235 0.026703
3 0.654470 0.480656 0.015698 0.025034
3 0.683652 0.483040 0.015027 0.024557
3 0.698746 0.483636 0.015966 0.024318
3 0.715786 0.482682 0.014088 0.021934
3 0.731395 0.482145 0.017308 0.023842
3 0.650692 0.501934 0.019589 0.025272
3 0.666256 0.501099 0.016905 0.025987
3 0.681685 0.499788 0.021199 0.030517
3 0.698322 0.499430 0.018784 0.029325
3 0.713618 0.497165 0.018784 0.026226
3 0.728108 0.495615 0.018247 0.024080
3 0.695572 0.467840 0.017845 0.030994
3 0.678733 0.461641 0.013954 0.032425
3 0.663270 0.464573 0.016757 0.022544
3 0.648034 0.462280 0.017576 0.026941
3 0.632134 0.456796 0.016637 0.032663
3 0.709819 0.464426 0.015832 0.025987
3 0.726992 0.462518 0.017979 0.024557
3 0.451207 0.474274 0.016235 0.027656
3 0.455366 0.495254 0.013551 0.025272
3 0.451878 0.450193 0.018113 0.029087
3 0.469186 0.447213 0.014893 0.030279
3 0.483944 0.445544 0.014088 0.029325
3 0.499441 0.445544 0.013149 0.023603
3 0.513193 0.443637 0.011673 0.023126
3 0.529093 0.443160 0.013685 0.023126
3 0.544321 0.441968 0.015698 0.022650
3 0.559999 0.442791 0.013954 0.029802
3 0.574758 0.441361 0.013149 0.022650
3 0.590456 0.440288 0.012880 0.025749
3 0.605885 0.438500 0.015027 0.026464
3 0.635615 0.440452 0.014625 0.025272
3 0.620387 0.438545 0.012880 0.022888
3 0.651380 0.440333 0.016905 0.027418
3 0.666877 0.442479 0.015161 0.026941
3 0.681915 0.445099 0.018918 0.031233
3 0.697948 0.446053 0.014222 0.026464
3 0.711097 0.446411 0.016100 0.027179
3 0.727130 0.442596 0.014893 0.028133
3 0.707877 0.421734 0.018247 0.029802
3 0.692380 0.425192 0.017845 0.026226
3 0.678216 0.417874 0.014040 0.032206
3 0.662810 0.424620 0.016713 0.026773
3 0.647320 0.420477 0.018278 0.033357
3 0.632501 0.422233 0.016137 0.027212
3 0.616395 0.420692 0.017210 0.026570
3 0.599815 0.417185 0.017290 0.033795
3 0.570208 0.422303 0.017207 0.027651
3 0.555636 0.422961 0.017537 0.028090
3 0.539128 0.425010 0.016960 0.027505
3 0.524350 0.426692 0.015561 0.025895
3 0.508570 0.427750 0.017290 0.026773
3 0.494079 0.429066 0.016960 0.028821
3 0.477078 0.428262 0.016549 0.028675
3 0.461599 0.426506 0.015231 0.033649
3 0.446574 0.429944 0.013996 0.029699
0 0.443219 0.539600 0.018889 0.020691
3 0.448291 0.388793 0.016560 0.034485
3 0.452819 0.408557 0.011644 0.021624
3 0.466857 0.406610 0.012550 0.023680
3 0.438005 0.407874 0.012550 0.030807
3 0.439364 0.446958 0.012679 0.034025
3 0.438135 0.490639 0.010738 0.028508
3 0.481735 0.407185 0.013843 0.026669
3 0.496678 0.405116 0.014749 0.025289
3 0.512527 0.404541 0.016172 0.026439
3 0.527653 0.402713 0.015078 0.026097
3 0.542976 0.404279 0.014197 0.028881
3 0.558788 0.400973 0.013707 0.025401
3 0.573817 0.400625 0.016742 0.024705
3 0.588601 0.399842 0.013218 0.025227
3 0.603667 0.400834 0.012532 0.019312
3 0.618108 0.402748 0.015959 0.023835
3 0.635242 0.402226 0.014784 0.025575
3 0.650907 0.401530 0.017330 0.025923
3 0.666034 0.400834 0.015274 0.029055
3 0.695170 0.401572 0.013805 0.029403
3 0.711472 0.403660 0.016057 0.022095
3 0.724478 0.415021 0.019386 0.043843
3 0.734220 0.403712 0.014001 0.032708
3 0.692432 0.381906 0.019679 0.032882
3 0.677452 0.382776 0.016742 0.035666
3 0.662374 0.378862 0.016742 0.029924
3 0.644702 0.382080 0.018407 0.018268
3 0.629526 0.387213 0.015861 0.026793
3 0.709027 0.382602 0.016644 0.025227
3 0.722832 0.383124 0.015469 0.029750
3 0.614750 0.383859 0.016546 0.024183
3 0.599525 0.385077 0.017232 0.023487
3 0.584643 0.381772 0.017036 0.026271
3 0.568782 0.382119 0.015665 0.025227
3 0.555712 0.382120 0.014392 0.027663
3 0.538333 0.385164 0.016449 0.030620
3 0.523191 0.384471 0.015567 0.029229
3 0.508455 0.386820 0.015861 0.028707
3 0.493524 0.386907 0.019092 0.030968
3 0.477566 0.385428 0.015176 0.028011
3 0.462341 0.387864 0.014099 0.027663
3 0.480845 0.368987 0.016253 0.028533
3 0.501504 0.366900 0.017819 0.028533
3 0.517806 0.368030 0.021050 0.030794
3 0.467040 0.370466 0.023694 0.030098
3 0.530937 0.366939 0.017428 0.023661
3 0.544790 0.366765 0.016742 0.026097
3 0.561582 0.364156 0.019190 0.030272
3 0.576659 0.362068 0.017428 0.028533
3 0.590856 0.363808 0.016644 0.033056
3 0.606205 0.361514 0.019475 0.033816
3 0.621825 0.362328 0.020071 0.031664
3 0.636903 0.361719 0.022421 0.032186
3 0.653629 0.361372 0.024575 0.033578
3 0.668853 0.361894 0.021931 0.033926
3 0.684574 0.361936 0.019092 0.031142
3 0.701561 0.364023 0.020365 0.032882
3 0.716198 0.364371 0.019875 0.028707
3 0.726527 0.365502 0.011553 0.029577
