0 0.022982 0.714812 0.045963 0.037030
0 0.057051 0.723437 0.079903 0.069512
0 0.107195 0.728880 0.069885 0.063824
0 0.157514 0.727667 0.068799 0.061128
0 0.205634 0.726560 0.074606 0.057667
0 0.250368 0.725283 0.081919 0.057441
0 0.298860 0.727920 0.080777 0.057470
0 0.350114 0.734752 0.071504 0.061327
0 0.406186 0.742918 0.086382 0.063033
0 0.458805 0.748700 0.089621 0.065697
0 0.509917 0.752339 0.083562 0.060616
0 0.568135 0.764668 0.092836 0.072328
0 0.625544 0.773330 0.100392 0.070101
0 0.680139 0.778783 0.077391 0.072633
0 0.733076 0.796250 0.082614 0.092999
1 0.765805 0.695693 0.069173 0.161066
1 0.706500 0.685044 0.071919 0.151267
1 0.645193 0.691244 0.094362 0.143677
1 0.583440 0.683173 0.075323 0.131400
1 0.525969 0.662004 0.072592 0.155643
1 0.471943 0.654792 0.068188 0.144508
1 0.421731 0.647384 0.068028 0.149885
1 0.375183 0.646768 0.070174 0.154518
1 0.327621 0.632356 0.073125 0.158555
1 0.274950 0.628796 0.079005 0.167659
1 0.223982 0.629489 0.083085 0.161562
1 0.178235 0.631447 0.073452 0.149981
1 0.134670 0.630018 0.068583 0.152345
1 0.082564 0.635531 0.067393 0.157173
1 0.031656 0.632798 0.063313 0.143320
1 0.280269 0.495699 0.050052 0.157112
1 0.328394 0.490403 0.057699 0.159055
1 0.371297 0.504228 0.057611 0.166620
1 0.425370 0.512414 0.055245 0.180951
1 0.476348 0.512549 0.058295 0.167341
1 0.526054 0.514050 0.061867 0.178348
1 0.580758 0.528061 0.061219 0.174728
1 0.704809 0.553868 0.079519 0.147525
1 0.645910 0.536487 0.090479 0.173008
1 0.228877 0.501140 0.051371 0.162274
1 0.176023 0.512824 0.066873 0.145166
1 0.129190 0.513814 0.052036 0.155952
1 0.074763 0.518529 0.056900 0.148278
0 0.766269 0.530332 0.047205 0.103071
0 0.763727 0.584532 0.054762 0.081835
1 0.121616 0.398739 0.070638 0.139615
1 0.166198 0.406786 0.067206 0.131369
1 0.213944 0.396552 0.072976 0.125529
1 0.265601 0.391000 0.071778 0.127185
1 0.312833 0.389275 0.066264 0.129262
1 0.368082 0.388097 0.077955 0.135554
1 0.415700 0.389085 0.070877 0.123356
1 0.461036 0.389243 0.073490 0.139170
1 0.516548 0.392410 0.084657 0.143819
1 0.562403 0.397957 0.075323 0.151915
1 0.608936 0.403521 0.078271 0.135389
1 0.659433 0.414208 0.073452 0.151706
1 0.713051 0.416761 0.075740 0.145019
1 0.765589 0.405226 0.074960 0.167255
