3 0.572694 0.463660 0.061239 0.074481
3 0.627413 0.458013 0.056358 0.072934
3 0.676301 0.458071 0.051053 0.082792
3 0.726510 0.452751 0.066877 0.079885
3 0.764498 0.454382 0.067862 0.076616
3 0.810076 0.460734 0.063342 0.080299
3 0.848149 0.470145 0.063904 0.079883
3 0.522617 0.462296 0.066574 0.070679
3 0.465362 0.461471 0.077477 0.076973
3 0.418245 0.459515 0.072442 0.076382
3 0.374680 0.458122 0.063610 0.078695
3 0.311806 0.478765 0.048686 0.067233
3 0.331532 0.425221 0.053319 0.048047
3 0.290029 0.409990 0.043045 0.044543
3 0.276757 0.468335 0.039404 0.074283
3 0.244940 0.449340 0.041460 0.075724
3 0.254508 0.397757 0.039951 0.047394
3 0.219330 0.385791 0.033855 0.044959
3 0.191396 0.374420 0.029899 0.039911
3 0.259416 0.351806 0.046954 0.056777
3 0.302797 0.362552 0.047588 0.062241
3 0.346983 0.377903 0.053699 0.055531
3 0.217527 0.335149 0.046642 0.053037
3 0.182418 0.326017 0.035867 0.050209
3 0.193482 0.278597 0.045401 0.041491
3 0.269543 0.301576 0.047238 0.050634
3 0.317162 0.315276 0.044486 0.053095
3 0.345637 0.325518 0.032008 0.048047
3 0.157893 0.270267 0.051802 0.046682
3 0.148341 0.315228 0.040721 0.047513
3 0.240296 0.244247 0.051060 0.048669
3 0.284889 0.256052 0.050452 0.047987
3 0.329760 0.270034 0.058394 0.045673
3 0.203973 0.239665 0.038541 0.048700
3 0.169812 0.231560 0.043457 0.044721
3 0.297927 0.214447 0.060063 0.051610
3 0.340196 0.227776 0.053593 0.044306
3 0.253398 0.202007 0.053677 0.048345
3 0.219915 0.195179 0.042680 0.051432
3 0.191932 0.189268 0.042100 0.041271
3 0.311728 0.167348 0.056351 0.047693
3 0.268670 0.153898 0.050149 0.057371
3 0.229620 0.148109 0.045469 0.049949
3 0.192739 0.141669 0.032610 0.044308
3 0.359695 0.187329 0.056929 0.052739
3 0.329210 0.121257 0.067226 0.061945
3 0.281374 0.101305 0.065688 0.057313
3 0.233937 0.101396 0.049874 0.050365
3 0.347503 0.077306 0.064543 0.045316
3 0.304864 0.060797 0.061495 0.047097
3 0.382787 0.105039 0.055153 0.041751
3 0.366608 0.146674 0.060160 0.047333
3 0.450614 0.181532 0.032816 0.034981
3 0.572986 0.166200 0.030760 0.030943
3 0.622043 0.125662 0.044637 0.039436
3 0.404498 0.062394 0.049310 0.052087
3 0.412208 0.162411 0.051678 0.053035
3 0.369085 0.039857 0.059415 0.045019
3 0.326701 0.022840 0.060397 0.045680
3 0.262690 0.048358 0.052214 0.044665
3 0.225141 0.053884 0.032672 0.036467
3 0.417696 0.124933 0.032988 0.045197
3 0.429258 0.078785 0.042755 0.041396
3 0.465149 0.099867 0.044712 0.043652
3 0.494585 0.154327 0.043632 0.045671
3 0.502971 0.110465 0.041695 0.035990
3 0.441291 0.031002 0.053159 0.053928
3 0.556927 0.025604 0.043517 0.051208
3 0.592971 0.029143 0.046007 0.053395
3 0.474763 0.051067 0.053562 0.046622
3 0.451838 0.133475 0.042824 0.051076
3 0.393541 0.017028 0.067569 0.034057
3 0.491841 0.012749 0.053890 0.025497
3 0.545756 0.078412 0.042580 0.042286
3 0.586909 0.079360 0.048568 0.047635
3 0.654535 0.074188 0.056791 0.049178
3 0.819767 0.401049 0.047145 0.040743
3 0.818403 0.355791 0.041786 0.044665
3 0.769259 0.396568 0.049086 0.041040
3 0.853520 0.413488 0.027603 0.042464
3 0.854654 0.372448 0.031497 0.042940
3 0.679426 0.404887 0.051596 0.038783
3 0.721231 0.394492 0.051525 0.050308
3 0.401601 0.234251 0.066905 0.034331
3 0.449813 0.210965 0.058005 0.036588
3 0.700491 0.055817 0.057035 0.058737
3 0.657266 0.130625 0.040619 0.045021
3 0.632063 0.029570 0.042802 0.044487
3 0.505378 0.068279 0.056451 0.043713
3 0.523230 0.026138 0.046452 0.047098
