0 0.542122 0.321434 0.103686 0.131291
0 0.474726 0.342499 0.118499 0.118554
0 0.397702 0.367484 0.119980 0.137170
0 0.325862 0.410670 0.118499 0.127222
0 0.269575 0.477220 0.131830 0.182240
0 0.236988 0.540906 0.099243 0.150887
0 0.241194 0.641890 0.086541 0.148847
0 0.262830 0.735761 0.095417 0.137238
0 0.315253 0.790803 0.127037 0.140173
0 0.462222 0.870588 0.133333 0.129412
0 0.384398 0.827830 0.137190 0.104289
0 0.528031 0.901446 0.136586 0.138867
0 0.617321 0.910923 0.144596 0.135520
0 0.678870 0.860731 0.121831 0.155598
0 0.705006 0.769547 0.094008 0.188502
0 0.699751 0.642149 0.110871 0.219733
0 0.682045 0.525311 0.094008 0.226983
