0 0.197326 0.532961 0.016826 0.034167
0 0.191419 0.499858 0.021418 0.033490
0 0.193948 0.471165 0.015285 0.029027
0 0.193900 0.448498 0.019291 0.023341
0 0.196538 0.426052 0.017320 0.022189
0 0.194265 0.405160 0.022761 0.021870
0 0.192911 0.557727 0.018099 0.040085
0 0.188105 0.382637 0.022434 0.028512
0 0.187661 0.358184 0.018377 0.031525
0 0.186907 0.331567 0.019769 0.033554
0 0.181875 0.303149 0.020784 0.034061
0 0.182373 0.269094 0.025536 0.041804
0 0.178241 0.240292 0.024031 0.030172
3 0.240927 0.501040 0.076942 0.032437
3 0.241614 0.472739 0.085178 0.027097
3 0.239792 0.446862 0.090297 0.030380
3 0.243419 0.418589 0.086811 0.033525
3 0.237055 0.389761 0.087011 0.035104
3 0.237870 0.361085 0.090203 0.035299
3 0.246057 0.533968 0.087595 0.036047
3 0.239705 0.561464 0.073760 0.032212
3 0.253135 0.587264 0.087510 0.034717
3 0.235366 0.330833 0.087545 0.033221
3 0.233656 0.301873 0.090007 0.032085
3 0.234738 0.273960 0.086070 0.034549
3 0.228259 0.247433 0.088105 0.036120
3 0.219437 0.222194 0.073246 0.034583
3 0.281983 0.221502 0.076161 0.026967
3 0.289681 0.195736 0.060158 0.023577
3 0.288527 0.252474 0.083849 0.029717
3 0.295362 0.278704 0.081790 0.026403
3 0.297987 0.309505 0.083256 0.032464
3 0.295215 0.339364 0.078558 0.025065
3 0.294149 0.369359 0.080042 0.029332
3 0.295891 0.398425 0.083122 0.028731
3 0.300393 0.430262 0.078841 0.029285
3 0.299369 0.460626 0.076981 0.027545
3 0.299806 0.489396 0.077453 0.026323
3 0.296740 0.516955 0.084834 0.029628
3 0.288340 0.550587 0.096406 0.033805
3 0.328509 0.590698 0.086495 0.025561
3 0.347739 0.564125 0.083317 0.037880
3 0.349769 0.527541 0.074091 0.036128
3 0.354130 0.498580 0.084483 0.037411
3 0.351747 0.468326 0.081856 0.040757
3 0.352683 0.440581 0.082181 0.037419
3 0.349118 0.407647 0.093502 0.036426
3 0.351122 0.378440 0.087178 0.038919
3 0.352568 0.347823 0.089804 0.038851
3 0.352462 0.314555 0.081407 0.040151
3 0.354723 0.288255 0.082027 0.034810
3 0.351758 0.256975 0.084535 0.035357
3 0.344698 0.227255 0.086209 0.037297
3 0.343653 0.193929 0.082243 0.032616
3 0.409823 0.207144 0.092009 0.035826
3 0.412511 0.242036 0.090436 0.034373
3 0.411481 0.273308 0.082556 0.026335
3 0.409699 0.303303 0.080237 0.027354
3 0.412171 0.331498 0.084651 0.027453
3 0.409762 0.363534 0.083903 0.031363
3 0.410372 0.394404 0.090661 0.029277
3 0.411404 0.425627 0.089801 0.031028
3 0.411978 0.456770 0.090287 0.028420
3 0.414665 0.487992 0.089165 0.028153
3 0.412584 0.521084 0.091054 0.030963
3 0.408670 0.553719 0.087015 0.025918
3 0.400610 0.580490 0.088444 0.022990
3 0.467364 0.588078 0.097536 0.045948
3 0.467738 0.560038 0.092402 0.037933
3 0.472273 0.526354 0.093104 0.040866
3 0.473005 0.494370 0.085745 0.037791
3 0.473065 0.463206 0.084735 0.037143
3 0.473581 0.430999 0.080856 0.040177
3 0.470281 0.400141 0.088784 0.044967
3 0.468183 0.369147 0.094037 0.039151
3 0.468865 0.337337 0.087820 0.045049
3 0.468611 0.308583 0.094794 0.044782
3 0.466762 0.276280 0.090017 0.042136
3 0.468412 0.248954 0.096113 0.045874
3 0.467492 0.214742 0.092054 0.041560
