0 0.853523 0.594167 0.030775 0.113833
0 0.840564 0.507221 0.030578 0.106453
0 0.821122 0.434702 0.031509 0.101861
0 0.796882 0.362304 0.028263 0.103256
0 0.768614 0.283981 0.027999 0.082842
0 0.874795 0.668000 0.037993 0.107599
0 0.896590 0.737980 0.031345 0.102523
0 0.918032 0.828983 0.031542 0.134730
0 0.746998 0.219685 0.025696 0.107612
0 0.736630 0.168876 0.028818 0.112851
3 0.818173 0.676465 0.069280 0.085168
3 0.801830 0.587265 0.063273 0.119179
3 0.784158 0.511914 0.077999 0.106638
3 0.769306 0.441731 0.068537 0.107864
3 0.742601 0.367614 0.070742 0.086470
3 0.829675 0.736776 0.066395 0.088277
3 0.857692 0.805200 0.078730 0.111066
3 0.864074 0.882313 0.069492 0.106470
3 0.811912 0.909339 0.071249 0.087380
3 0.784382 0.839114 0.066555 0.077873
3 0.771692 0.770157 0.079771 0.086639
3 0.751352 0.692882 0.066170 0.092873
3 0.735311 0.619294 0.070505 0.087464
3 0.722707 0.543578 0.080526 0.103033
3 0.698893 0.470729 0.056932 0.090737
3 0.681441 0.391074 0.061814 0.101714
3 0.664123 0.325397 0.060573 0.102456
3 0.718337 0.297635 0.054341 0.066967
3 0.703453 0.225234 0.054802 0.081794
3 0.635848 0.176723 0.056278 0.069588
3 0.647462 0.253983 0.053828 0.081641
3 0.690720 0.162902 0.053575 0.073951
0 0.728136 0.115190 0.030549 0.104188
3 0.616238 0.114802 0.060162 0.074940
3 0.593375 0.268386 0.059508 0.095768
3 0.584698 0.203578 0.060033 0.088585
3 0.610132 0.344354 0.064092 0.106595
3 0.525270 0.228678 0.065157 0.094240
3 0.541144 0.308486 0.061746 0.101683
3 0.567223 0.143412 0.056187 0.087229
3 0.510825 0.167500 0.060736 0.079669
3 0.548967 0.381069 0.067266 0.101796
3 0.567031 0.450527 0.060784 0.100382
3 0.624606 0.425877 0.059225 0.092638
3 0.640079 0.495235 0.060256 0.096764
3 0.583992 0.522580 0.069981 0.097190
3 0.658799 0.572152 0.066554 0.098792
3 0.591765 0.596150 0.063859 0.094862
3 0.490325 0.406296 0.062836 0.087422
3 0.481959 0.332666 0.065221 0.083489
3 0.469979 0.261282 0.059232 0.092887
3 0.451146 0.188572 0.059696 0.093014
3 0.611825 0.673083 0.071337 0.092584
3 0.624167 0.742133 0.067369 0.092524
3 0.645533 0.812276 0.061157 0.104678
3 0.672649 0.642355 0.068595 0.095102
3 0.535350 0.619947 0.066802 0.100207
3 0.506410 0.476192 0.058647 0.088521
3 0.519724 0.550160 0.067582 0.096827
3 0.550132 0.698864 0.065075 0.095652
3 0.569598 0.769572 0.063412 0.096205
3 0.583760 0.848946 0.069300 0.110778
3 0.661496 0.895872 0.078145 0.106962
3 0.688375 0.719580 0.068493 0.089021
3 0.701116 0.790226 0.064877 0.082930
3 0.725301 0.861026 0.069739 0.084891
3 0.747731 0.929037 0.068855 0.081535
3 0.682792 0.947618 0.068845 0.066767
3 0.609836 0.967692 0.072552 0.051671
3 0.598164 0.924386 0.066322 0.086853
3 0.533657 0.948689 0.067139 0.082434
3 0.524224 0.872817 0.063068 0.104997
3 0.507675 0.807243 0.059234 0.089627
3 0.498871 0.731708 0.063644 0.091842
3 0.479803 0.655805 0.060461 0.092088
3 0.464672 0.576828 0.059223 0.081151
3 0.449477 0.500343 0.063041 0.090553
3 0.434093 0.428071 0.061922 0.084234
3 0.422609 0.354756 0.060440 0.094796
3 0.411088 0.288691 0.061034 0.085697
3 0.681934 0.089964 0.106717 0.092133
3 0.599118 0.074239 0.044519 0.039855
3 0.546377 0.092667 0.057708 0.055688
3 0.490532 0.108595 0.054464 0.034707
3 0.440310 0.140507 0.064167 0.060323
3 0.371286 0.155896 0.069205 0.071529
3 0.397619 0.216161 0.065153 0.087938
3 0.354693 0.314487 0.054539 0.077888
3 0.369499 0.387372 0.058854 0.087440
3 0.300576 0.337938 0.061742 0.078902
3 0.286596 0.265306 0.056760 0.085481
3 0.268000 0.196510 0.053907 0.061843
3 0.342927 0.240952 0.059360 0.102909
3 0.322626 0.172085 0.056945 0.062486
3 0.315447 0.412193 0.059051 0.084225
3 0.329701 0.475922 0.059111 0.097817
3 0.385286 0.455845 0.054733 0.079067
3 0.394892 0.529546 0.058935 0.082991
3 0.413765 0.604045 0.061364 0.090981
3 0.346535 0.556395 0.062080 0.094323
3 0.359479 0.632493 0.056993 0.081194
3 0.375293 0.702758 0.058450 0.091333
3 0.430301 0.678390 0.054543 0.089530
3 0.386995 0.782766 0.063409 0.093046
3 0.443454 0.760945 0.056334 0.092209
3 0.456311 0.837705 0.063061 0.090498
3 0.399932 0.861701 0.062418 0.086371
3 0.468998 0.912496 0.061823 0.106175
3 0.409488 0.928657 0.059439 0.088395
3 0.478249 0.971501 0.072239 0.056999
3 0.422502 0.980380 0.060926 0.039239
3 0.357856 0.958573 0.062312 0.082854
3 0.346644 0.888971 0.065067 0.091861
3 0.332257 0.812237 0.062546 0.076316
3 0.319605 0.727745 0.063893 0.091469
3 0.382561 0.990709 0.026539 0.018582
3 0.305781 0.651771 0.060037 0.096476
3 0.289773 0.577537 0.059970 0.085231
3 0.277442 0.502312 0.060633 0.084487
3 0.261092 0.432202 0.059585 0.089663
3 0.251336 0.368080 0.064072 0.092556
3 0.232301 0.289631 0.064384 0.095113
3 0.217394 0.216320 0.070799 0.082557
3 0.176784 0.420468 0.110081 0.142224
3 0.159408 0.340686 0.111429 0.148930
3 0.140351 0.284150 0.098077 0.133206
3 0.195248 0.493234 0.100149 0.128831
3 0.213492 0.557651 0.097595 0.136034
3 0.225178 0.624020 0.095698 0.118457
3 0.236520 0.695147 0.093960 0.123740
3 0.249865 0.774049 0.096606 0.146748
3 0.265519 0.845968 0.103722 0.118837
3 0.275112 0.929151 0.095126 0.113116
3 0.284968 0.969989 0.099028 0.060021
