0 0.575165 0.485295 0.039145 0.021637
0 0.555096 0.484935 0.028889 0.021886
0 0.537904 0.485796 0.024924 0.017596
0 0.613979 0.482181 0.030777 0.022488
0 0.593658 0.484149 0.035094 0.014189
0 0.519573 0.483383 0.027999 0.015005
0 0.505953 0.487927 0.021332 0.009826
0 0.659486 0.480825 0.021868 0.021089
0 0.644868 0.480011 0.021896 0.019043
0 0.628551 0.480717 0.025758 0.013461
0 0.674978 0.480313 0.025552 0.020721
0 0.689824 0.483623 0.019692 0.018687
0 0.703656 0.487252 0.025944 0.020293
0 0.720389 0.490415 0.028694 0.024355
2 0.666159 0.450145 0.020771 0.046551
2 0.650400 0.451343 0.018335 0.046305
2 0.635014 0.452184 0.021476 0.047011
2 0.681632 0.454236 0.017234 0.048423
2 0.696369 0.454250 0.018732 0.046914
2 0.712327 0.458360 0.016812 0.047720
2 0.727064 0.459767 0.018851 0.046097
2 0.616718 0.454627 0.016540 0.044554
2 0.599507 0.454964 0.021433 0.045350
2 0.579822 0.454329 0.024928 0.045303
2 0.560695 0.456019 0.017334 0.042136
2 0.545260 0.457463 0.014540 0.037981
2 0.528349 0.458911 0.022362 0.043444
2 0.510160 0.458851 0.020283 0.044235
2 0.524549 0.427515 0.016446 0.047539
2 0.507796 0.428083 0.014470 0.039157
2 0.492364 0.431298 0.013085 0.044110
2 0.541678 0.428091 0.014989 0.040950
2 0.558059 0.422827 0.015772 0.047394
2 0.575201 0.424519 0.016827 0.044294
2 0.592107 0.426176 0.015347 0.046663
2 0.551639 0.393003 0.020307 0.048665
2 0.535391 0.396375 0.019091 0.055144
2 0.518968 0.395587 0.018874 0.055530
2 0.503289 0.393107 0.016138 0.060068
2 0.540243 0.326191 0.022582 0.052311
2 0.557361 0.326898 0.019032 0.053752
2 0.546318 0.359471 0.014359 0.045813
2 0.530701 0.361889 0.012742 0.045584
2 0.514192 0.360459 0.013552 0.043966
2 0.497620 0.352749 0.017601 0.053053
2 0.578906 0.357081 0.015265 0.045509
2 0.563411 0.359404 0.013497 0.050202
2 0.572795 0.324439 0.017772 0.050047
2 0.525686 0.322406 0.017347 0.058797
2 0.570148 0.393994 0.023220 0.048457
2 0.584713 0.391028 0.018579 0.049717
2 0.600809 0.390838 0.023326 0.049386
2 0.619203 0.389384 0.021043 0.047474
2 0.636953 0.387088 0.017449 0.051078
2 0.609938 0.424238 0.014858 0.043338
2 0.626401 0.424019 0.014992 0.039593
2 0.643693 0.420669 0.015619 0.039696
2 0.669862 0.388382 0.017241 0.048536
2 0.660216 0.422594 0.015828 0.038934
2 0.675593 0.426393 0.014088 0.031147
2 0.684351 0.386577 0.018414 0.046310
2 0.653653 0.388798 0.019256 0.047100
2 0.690451 0.422304 0.015627 0.040501
2 0.700976 0.388662 0.020299 0.048157
2 0.705461 0.422103 0.013478 0.048194
2 0.720425 0.426294 0.012900 0.044132
2 0.736044 0.429662 0.013954 0.052827
2 0.715625 0.390948 0.018890 0.049990
2 0.732862 0.392349 0.022826 0.052103
2 0.726718 0.357640 0.014048 0.044683
2 0.710995 0.358139 0.013832 0.047426
2 0.695435 0.357880 0.012990 0.046764
2 0.679385 0.354303 0.013600 0.043769
2 0.663209 0.357651 0.015147 0.045591
2 0.646756 0.355044 0.016831 0.044800
2 0.741405 0.354852 0.014529 0.050443
2 0.721451 0.323869 0.021846 0.051655
2 0.705686 0.324523 0.019043 0.049423
2 0.689433 0.325708 0.021852 0.050036
2 0.738743 0.323514 0.018870 0.043659
2 0.629162 0.355614 0.014725 0.043529
2 0.612303 0.357490 0.016882 0.046807
2 0.595495 0.359199 0.015930 0.043791
2 0.606318 0.323209 0.019335 0.051760
2 0.589497 0.323943 0.022645 0.047138
2 0.622415 0.322202 0.020850 0.048109
2 0.639906 0.321962 0.019539 0.044858
2 0.654732 0.322448 0.019724 0.045462
2 0.672204 0.323206 0.018134 0.049129
2 0.512109 0.325803 0.012588 0.043947
2 0.501782 0.318341 0.017965 0.048365
2 0.525276 0.283002 0.025448 0.041950
2 0.541631 0.288645 0.027889 0.044090
2 0.556315 0.289469 0.025570 0.045650
2 0.572040 0.288560 0.026117 0.051965
2 0.587421 0.289257 0.025719 0.046818
2 0.604279 0.289367 0.024546 0.047108
2 0.621865 0.287279 0.024700 0.048233
2 0.637856 0.286937 0.027994 0.049136
2 0.654308 0.288037 0.028796 0.049249
2 0.671952 0.289540 0.027538 0.045666
2 0.690922 0.290114 0.028479 0.046509
2 0.709450 0.289118 0.032730 0.044022
2 0.724780 0.293578 0.026253 0.047813
2 0.743191 0.291186 0.027597 0.044795
