0 0.495765 0.554763 0.021096 0.015904
0 0.451015 0.559686 0.018113 0.015146
0 0.432902 0.564419 0.017261 0.013253
0 0.412125 0.564419 0.023440 0.014010
0 0.467205 0.559173 0.021039 0.010646
0 0.513881 0.555583 0.026891 0.011389
0 0.484621 0.557068 0.024661 0.010894
0 0.533259 0.557324 0.017695 0.012627
0 0.545125 0.556457 0.022385 0.011389
0 0.563215 0.556333 0.029399 0.013617
0 0.579795 0.553115 0.029120 0.011637
0 0.597378 0.551629 0.023770 0.010646
0 0.610598 0.549772 0.024082 0.009408
0 0.628295 0.547544 0.023243 0.010399
0 0.645312 0.545440 0.026270 0.014112
0 0.662190 0.547234 0.030095 0.017331
0 0.678213 0.547729 0.029538 0.019312
0 0.695630 0.548595 0.025358 0.013617
3 0.436233 0.544820 0.021178 0.022283
3 0.420489 0.546305 0.016998 0.026739
3 0.453371 0.544325 0.016441 0.021292
3 0.471135 0.540363 0.019367 0.024759
3 0.489805 0.538011 0.015187 0.019064
3 0.506107 0.538383 0.015466 0.022778
3 0.522966 0.537145 0.018531 0.021788
3 0.539128 0.535659 0.016023 0.023768
3 0.555357 0.534254 0.017773 0.028968
3 0.571375 0.530633 0.018113 0.032186
3 0.590353 0.531401 0.016757 0.028986
3 0.605563 0.525603 0.021056 0.037819
3 0.621356 0.522988 0.019358 0.034198
3 0.638743 0.522736 0.017434 0.029973
3 0.656856 0.525251 0.015849 0.031382
3 0.671742 0.524949 0.017320 0.031583
3 0.689006 0.529375 0.015622 0.027962
3 0.705704 0.531386 0.016188 0.031180
3 0.644064 0.507448 0.013132 0.025548
3 0.625385 0.509560 0.014490 0.024542
3 0.609423 0.507146 0.013811 0.026151
3 0.593517 0.510868 0.012339 0.027559
3 0.578052 0.512575 0.013245 0.028565
3 0.559939 0.515090 0.012792 0.025950
3 0.543751 0.515190 0.015283 0.026554
3 0.527902 0.517101 0.013245 0.027157
3 0.493544 0.518912 0.014490 0.025145
3 0.509902 0.515391 0.013245 0.025749
3 0.477516 0.520718 0.014743 0.025300
3 0.459656 0.522140 0.014238 0.029641
3 0.444295 0.525621 0.022241 0.031737
3 0.426266 0.524198 0.014659 0.030390
3 0.410638 0.525022 0.012384 0.030539
3 0.395597 0.515758 0.010615 0.037875
3 0.409139 0.499160 0.016849 0.039671
3 0.424935 0.500657 0.014912 0.039671
3 0.439257 0.498187 0.014912 0.037725
3 0.455011 0.498337 0.015417 0.038025
3 0.470597 0.497813 0.015754 0.037875
3 0.488131 0.495939 0.017692 0.038324
3 0.505738 0.495041 0.017860 0.039222
3 0.521998 0.494143 0.016512 0.035330
3 0.538552 0.494667 0.015586 0.035779
3 0.554419 0.491816 0.017523 0.038324
3 0.572490 0.490245 0.018113 0.037875
3 0.588085 0.487328 0.017018 0.034731
3 0.602660 0.486430 0.018366 0.035330
3 0.620941 0.486355 0.020051 0.036078
3 0.637285 0.486505 0.019377 0.036677
3 0.653216 0.486176 0.018450 0.029312
3 0.669517 0.487060 0.017692 0.029941
3 0.659703 0.510114 0.013732 0.030839
3 0.683319 0.486011 0.015501 0.032036
3 0.699199 0.486835 0.017270 0.034881
3 0.704001 0.510188 0.010868 0.026497
3 0.692881 0.512509 0.008003 0.023953
3 0.682771 0.512209 0.010194 0.020659
3 0.657877 0.467387 0.014830 0.026755
3 0.672397 0.467990 0.015736 0.030376
3 0.685915 0.466586 0.016757 0.031401
3 0.699502 0.466184 0.014040 0.025765
3 0.492155 0.474942 0.015023 0.026696
3 0.476492 0.477498 0.012679 0.026506
3 0.460404 0.479107 0.014597 0.029725
3 0.444262 0.478539 0.013425 0.031240
3 0.429985 0.479296 0.013425 0.032754
3 0.414339 0.479022 0.013851 0.035215
3 0.425100 0.452705 0.014703 0.037487
3 0.411303 0.450433 0.012892 0.037109
3 0.439910 0.454599 0.016834 0.034837
3 0.456532 0.456492 0.015556 0.035973
3 0.472780 0.455545 0.015662 0.034837
3 0.489561 0.455735 0.016621 0.031050
3 0.505770 0.455485 0.018219 0.028021
3 0.510770 0.475838 0.013121 0.027453
3 0.521805 0.454065 0.017687 0.035405
3 0.528358 0.475081 0.014810 0.026317
3 0.537255 0.451699 0.016621 0.037487
3 0.542475 0.478489 0.015982 0.023288
3 0.553450 0.452456 0.015556 0.037487
3 0.560695 0.474418 0.014703 0.021584
3 0.569065 0.450077 0.016941 0.033133
3 0.575671 0.472512 0.016302 0.027642
3 0.586006 0.450192 0.017793 0.034039
3 0.602627 0.447067 0.018433 0.031579
3 0.605770 0.469956 0.017047 0.026696
3 0.618033 0.445817 0.017367 0.031808
3 0.623574 0.468536 0.016728 0.024234
3 0.634281 0.447426 0.019818 0.033133
3 0.640568 0.469388 0.016408 0.027074
3 0.650849 0.441841 0.019711 0.034079
3 0.637455 0.425523 0.015851 0.029791
3 0.623286 0.426144 0.015034 0.031221
3 0.606215 0.428397 0.015487 0.029933
3 0.590275 0.431455 0.015487 0.025749
3 0.572792 0.431248 0.014038 0.024622
3 0.558256 0.433501 0.013947 0.030416
3 0.542045 0.433742 0.014128 0.029611
3 0.509953 0.437356 0.014943 0.029289
3 0.526843 0.433574 0.013947 0.026232
3 0.495055 0.435827 0.012679 0.026875
3 0.478980 0.437115 0.014038 0.030094
3 0.462285 0.436073 0.013222 0.029772
3 0.445530 0.435188 0.013404 0.031864
3 0.430451 0.433579 0.014581 0.031221
3 0.416368 0.432292 0.010868 0.030899
3 0.427432 0.413945 0.013947 0.023496
3 0.399447 0.411049 0.012679 0.024462
3 0.398315 0.454259 0.010596 0.026554
3 0.442154 0.415593 0.015668 0.021243
3 0.457550 0.417444 0.015124 0.023979
3 0.474622 0.415674 0.016845 0.029450
3 0.489882 0.415352 0.014400 0.031060
3 0.504473 0.414339 0.019109 0.032186
3 0.521318 0.412488 0.015849 0.032991
3 0.537484 0.413454 0.014853 0.033635
3 0.552608 0.412006 0.015939 0.036209
3 0.568013 0.410154 0.016573 0.034922
3 0.584813 0.410235 0.017207 0.033795
3 0.601160 0.406211 0.016936 0.034439
3 0.615877 0.404843 0.019200 0.034600
3 0.632893 0.405038 0.019653 0.023818
3 0.649738 0.400130 0.016936 0.031060
3 0.654583 0.422580 0.016664 0.027358
3 0.664636 0.395624 0.018837 0.031703
3 0.668802 0.417108 0.013947 0.030577
3 0.665405 0.444788 0.018204 0.028646
3 0.694823 0.436960 0.019924 0.040072
3 0.680061 0.438891 0.016845 0.035566
3 0.680265 0.391670 0.015577 0.030255
3 0.694167 0.388290 0.017660 0.037014
3 0.684431 0.415005 0.014128 0.027680
3 0.671616 0.373565 0.024000 0.038784
3 0.655224 0.374691 0.022732 0.039428
3 0.688733 0.366725 0.022369 0.035727
3 0.640473 0.378032 0.024634 0.041842
3 0.625077 0.381170 0.020286 0.037175
3 0.610734 0.384863 0.016757 0.035427
3 0.592157 0.387205 0.022369 0.035083
3 0.576529 0.387929 0.019290 0.041359
3 0.561314 0.390021 0.020196 0.036531
3 0.547458 0.391389 0.020196 0.035727
3 0.529877 0.392636 0.021373 0.035083
3 0.513892 0.393440 0.018566 0.034117
3 0.498858 0.395211 0.020920 0.031864
3 0.484323 0.394969 0.019924 0.034922
3 0.470059 0.393762 0.022913 0.036370
3 0.453228 0.392268 0.022732 0.034439
3 0.435658 0.389854 0.022913 0.035083
3 0.419130 0.386876 0.021011 0.031703
