0 0.572235 0.602651 0.024714 0.017965
0 0.588121 0.599562 0.026730 0.018820
0 0.606844 0.594948 0.018164 0.013466
0 0.619960 0.590037 0.023182 0.022597
0 0.637516 0.583289 0.017050 0.018232
0 0.651527 0.582424 0.019387 0.015150
0 0.666096 0.580250 0.021724 0.016126
0 0.681951 0.578996 0.019716 0.013571
0 0.695885 0.577253 0.021079 0.013085
0 0.712700 0.580482 0.023436 0.013551
0 0.553323 0.604447 0.019844 0.015244
0 0.538166 0.607151 0.018144 0.018050
0 0.523610 0.610528 0.021754 0.017460
0 0.511486 0.613582 0.014944 0.015807
0 0.723557 0.583574 0.017516 0.010840
2 0.718547 0.552656 0.014278 0.044176
2 0.704442 0.550791 0.018411 0.040920
2 0.689863 0.552432 0.017592 0.037672
2 0.673545 0.553334 0.018193 0.036618
2 0.659744 0.555381 0.014914 0.037494
2 0.645717 0.556543 0.016798 0.039202
2 0.630807 0.564142 0.021040 0.037307
2 0.613408 0.568731 0.017365 0.038270
2 0.599244 0.572823 0.021076 0.037740
2 0.579566 0.576149 0.019658 0.039790
2 0.561059 0.582693 0.020548 0.041500
2 0.545892 0.582791 0.017489 0.033626
2 0.529708 0.585327 0.016638 0.036712
2 0.514619 0.591756 0.021237 0.035505
2 0.523903 0.561987 0.019885 0.043328
2 0.537910 0.556235 0.018395 0.044429
2 0.554233 0.554866 0.019728 0.042708
2 0.569810 0.552627 0.021827 0.042804
2 0.586237 0.550148 0.019121 0.047759
2 0.604033 0.543554 0.019757 0.045446
2 0.618559 0.537281 0.021962 0.043966
2 0.635889 0.532765 0.017111 0.042835
2 0.650639 0.528491 0.016930 0.040513
2 0.664758 0.525073 0.017630 0.044687
2 0.679982 0.524357 0.016162 0.045384
2 0.693474 0.524560 0.019576 0.043730
2 0.708799 0.525510 0.016010 0.048281
2 0.721928 0.524301 0.014955 0.046904
2 0.696908 0.490159 0.013122 0.048195
2 0.711941 0.487154 0.013689 0.053138
2 0.683616 0.493259 0.013838 0.041712
2 0.668186 0.494386 0.014076 0.043059
2 0.652585 0.497192 0.014522 0.045610
2 0.636845 0.501143 0.015187 0.044118
2 0.622139 0.505114 0.015523 0.045179
2 0.606121 0.509321 0.014894 0.046988
2 0.590432 0.517800 0.013986 0.038879
2 0.574581 0.523679 0.014091 0.038762
2 0.558321 0.522978 0.014558 0.041319
2 0.543674 0.525930 0.014357 0.041822
2 0.527064 0.530046 0.016430 0.048762
2 0.513065 0.536246 0.014361 0.045025
2 0.498346 0.538321 0.014876 0.040513
2 0.507582 0.566388 0.017839 0.041667
2 0.494390 0.569937 0.013721 0.040292
2 0.534845 0.494887 0.021007 0.050517
2 0.550019 0.493452 0.016397 0.049905
2 0.564670 0.490028 0.019309 0.047608
2 0.517802 0.496672 0.018540 0.045770
2 0.503813 0.498570 0.016431 0.042152
2 0.489140 0.497692 0.016557 0.043010
2 0.596701 0.484539 0.018016 0.047298
2 0.579988 0.489955 0.018397 0.045692
2 0.612360 0.475252 0.018794 0.046029
2 0.629285 0.472291 0.018546 0.048219
2 0.644621 0.467817 0.017168 0.048394
2 0.659842 0.467888 0.016986 0.048277
2 0.676302 0.461818 0.016114 0.047552
2 0.691132 0.459585 0.019221 0.048678
2 0.705331 0.453433 0.012872 0.044753
2 0.725919 0.485578 0.013887 0.045914
2 0.718974 0.456193 0.013647 0.040013
2 0.695254 0.424528 0.014960 0.044947
2 0.710072 0.417420 0.014782 0.046244
2 0.725057 0.414060 0.014301 0.037618
2 0.687767 0.389353 0.022170 0.053792
2 0.704898 0.385749 0.021324 0.050591
2 0.719651 0.383523 0.017974 0.050198
2 0.679328 0.425161 0.015916 0.049881
2 0.671356 0.391631 0.020285 0.053050
2 0.655183 0.397676 0.018289 0.052929
2 0.638987 0.402317 0.019103 0.053239
2 0.546366 0.423472 0.018065 0.050156
2 0.663192 0.427645 0.015305 0.052916
2 0.647777 0.433119 0.016515 0.047708
2 0.631721 0.436147 0.014464 0.047036
2 0.622719 0.405029 0.020373 0.056322
2 0.615192 0.441398 0.014330 0.045244
2 0.599785 0.445263 0.015766 0.045736
2 0.607801 0.405025 0.022201 0.060756
2 0.591414 0.410514 0.018781 0.056965
2 0.576495 0.418346 0.017049 0.053737
2 0.584818 0.450202 0.015542 0.053082
2 0.569145 0.454631 0.015577 0.048409
2 0.562248 0.424239 0.020673 0.055168
2 0.552723 0.459105 0.013965 0.043173
2 0.529469 0.425774 0.020034 0.049756
2 0.536384 0.462111 0.015988 0.043202
2 0.513262 0.427165 0.019785 0.049660
2 0.520820 0.461375 0.013547 0.054616
2 0.506042 0.464914 0.014845 0.053341
2 0.498825 0.427418 0.021423 0.048532
2 0.491733 0.459387 0.013156 0.058175
2 0.484904 0.419311 0.018805 0.039841
