0 0.432431 0.734692 0.017712 0.026781
0 0.427582 0.717740 0.021295 0.026164
0 0.428217 0.700064 0.018794 0.023383
0 0.428512 0.686116 0.017456 0.022357
0 0.431316 0.667959 0.017771 0.021725
0 0.428519 0.654279 0.018467 0.022050
0 0.425698 0.640249 0.018766 0.020714
0 0.420658 0.623548 0.015503 0.023574
0 0.417147 0.607626 0.018575 0.029784
0 0.410528 0.589202 0.012330 0.033387
0 0.405151 0.572171 0.018809 0.035951
0 0.404148 0.550663 0.019058 0.025009
0 0.403672 0.536420 0.014304 0.020988
0 0.404582 0.515222 0.011414 0.019490
0 0.404526 0.501000 0.020725 0.027822
0 0.409888 0.484527 0.024080 0.017064
3 0.459332 0.699663 0.046622 0.019883
3 0.461428 0.684371 0.047063 0.019661
3 0.461600 0.718460 0.053098 0.022967
3 0.460320 0.669072 0.047582 0.017493
3 0.459895 0.653050 0.048001 0.018846
3 0.458775 0.636897 0.048520 0.019187
3 0.449926 0.622069 0.052777 0.022648
3 0.448731 0.602585 0.048170 0.021217
3 0.440661 0.587811 0.053482 0.020710
3 0.440575 0.569267 0.045514 0.019355
3 0.438167 0.551088 0.049583 0.018818
3 0.437346 0.537532 0.044780 0.018735
3 0.431672 0.519234 0.046565 0.017053
3 0.431898 0.501284 0.044949 0.026313
3 0.447906 0.479231 0.054544 0.020071
3 0.462640 0.489957 0.034099 0.016482
3 0.463121 0.506253 0.043446 0.018824
3 0.467694 0.523266 0.047526 0.018823
3 0.473255 0.538662 0.043819 0.017764
3 0.472510 0.554704 0.048272 0.021253
3 0.475902 0.573309 0.045853 0.015804
3 0.477395 0.589893 0.047549 0.016428
3 0.481255 0.606068 0.042994 0.017039
3 0.485512 0.620840 0.041129 0.018054
3 0.490147 0.638119 0.042138 0.014881
3 0.492708 0.653302 0.042868 0.017580
3 0.492619 0.668660 0.044260 0.020094
3 0.494780 0.684746 0.051954 0.019288
3 0.495594 0.699079 0.045825 0.017627
3 0.497702 0.717283 0.049609 0.020566
3 0.531844 0.717547 0.054561 0.023015
3 0.463876 0.734051 0.042707 0.018119
3 0.528976 0.701230 0.056531 0.020700
3 0.530578 0.684504 0.050462 0.020542
3 0.528541 0.669142 0.052142 0.021682
3 0.529777 0.653897 0.050839 0.020717
3 0.522253 0.638219 0.051464 0.021359
3 0.519826 0.621484 0.051249 0.022516
3 0.518405 0.606403 0.055731 0.023164
3 0.513381 0.589975 0.052996 0.023501
3 0.513192 0.572913 0.050993 0.024661
3 0.507841 0.556007 0.054017 0.023738
3 0.502629 0.538730 0.053419 0.019853
3 0.503292 0.522129 0.050005 0.020580
3 0.498050 0.505290 0.053648 0.020140
3 0.491604 0.490946 0.054925 0.019664
3 0.490894 0.474956 0.052028 0.016758
3 0.483841 0.461585 0.047022 0.017452
3 0.527046 0.456823 0.040630 0.024913
3 0.525885 0.473903 0.042431 0.017472
3 0.530418 0.489638 0.043218 0.018824
3 0.534868 0.505125 0.044656 0.018465
3 0.535464 0.522391 0.044891 0.018857
3 0.543001 0.537468 0.046565 0.018643
3 0.543999 0.554075 0.043814 0.021761
3 0.545106 0.572403 0.051108 0.021274
3 0.549233 0.587760 0.050529 0.018971
3 0.554658 0.604827 0.050933 0.018201
3 0.556070 0.620346 0.048594 0.018272
3 0.559066 0.638679 0.045772 0.018462
3 0.560229 0.652908 0.043755 0.018748
3 0.562404 0.669434 0.046585 0.019517
3 0.565268 0.685411 0.045563 0.017065
3 0.568635 0.700320 0.048950 0.019567
3 0.576028 0.713109 0.046195 0.017905
3 0.599821 0.686156 0.046336 0.017203
3 0.598201 0.670958 0.053406 0.019291
3 0.604231 0.702623 0.042919 0.019125
3 0.595949 0.654464 0.054495 0.019727
3 0.593817 0.638693 0.050005 0.022027
3 0.591616 0.621582 0.052001 0.020448
3 0.589237 0.604226 0.048809 0.020342
3 0.586639 0.587898 0.051276 0.020822
3 0.582082 0.571437 0.054636 0.019446
3 0.577666 0.555174 0.053762 0.022885
3 0.577993 0.537030 0.047512 0.023343
3 0.574730 0.520184 0.051000 0.020067
3 0.569044 0.504962 0.057196 0.024193
3 0.563720 0.488477 0.056349 0.018472
3 0.560568 0.471440 0.055005 0.020888
3 0.560234 0.454265 0.060738 0.026792
3 0.594972 0.450490 0.040738 0.030193
3 0.597949 0.469329 0.043117 0.019978
3 0.601930 0.486414 0.046195 0.022057
3 0.606315 0.501223 0.048081 0.027883
3 0.612019 0.516554 0.046746 0.028584
3 0.612625 0.533805 0.047337 0.028014
3 0.614230 0.553053 0.047988 0.028548
3 0.618817 0.569193 0.048206 0.030065
3 0.621921 0.583571 0.054662 0.029511
3 0.625445 0.602673 0.050218 0.025286
3 0.626999 0.618406 0.047720 0.028322
3 0.636041 0.686903 0.041437 0.029689
3 0.635970 0.670045 0.044629 0.028465
3 0.634346 0.651208 0.049421 0.030123
3 0.631419 0.635029 0.048366 0.026566
