1 0.501713 0.243265 0.035790 0.050696
1 0.546377 0.186198 0.042972 0.052513
1 0.511902 0.191790 0.041813 0.039160
1 0.471647 0.199432 0.107793 0.028067
1 0.473410 0.209635 0.083270 0.021662
1 0.479717 0.228392 0.059238 0.022368
1 0.523622 0.240283 0.032191 0.047074
1 0.548058 0.234766 0.042465 0.035546
1 0.585715 0.227341 0.100808 0.021261
1 0.561015 0.188575 0.047066 0.048667
1 0.576538 0.202806 0.082456 0.027809
1 0.585391 0.218830 0.088888 0.018839
1 0.521074 0.282563 0.048281 0.060490
1 0.535991 0.280910 0.034177 0.068331
1 0.564684 0.279491 0.045019 0.062613
1 0.635053 0.257813 0.085162 0.039118
1 0.617727 0.271082 0.084986 0.053387
1 0.630268 0.267541 0.099457 0.058157
1 0.667106 0.199587 0.107146 0.019771
1 0.663126 0.222690 0.105935 0.031664
1 0.677456 0.215451 0.135140 0.034244
1 0.412427 0.262721 0.095911 0.041828
1 0.438503 0.269936 0.081229 0.042171
1 0.421483 0.267906 0.108655 0.049531
1 0.439006 0.173444 0.084448 0.032891
1 0.442299 0.163681 0.093440 0.044246
1 0.460639 0.162703 0.066630 0.043534
1 0.496897 0.144770 0.041065 0.058868
1 0.554070 0.152650 0.052678 0.052594
1 0.527662 0.145472 0.042587 0.063307
1 0.621262 0.165288 0.065142 0.039355
1 0.649024 0.163268 0.095435 0.051213
1 0.658670 0.171173 0.099474 0.042253
1 0.383316 0.211820 0.123699 0.016592
1 0.403365 0.237213 0.118105 0.020106
1 0.390958 0.224225 0.128892 0.020120
1 0.304594 0.204642 0.082006 0.017738
1 0.305403 0.171591 0.128772 0.026977
1 0.317182 0.163290 0.129601 0.040877
1 0.327397 0.154946 0.115920 0.050868
1 0.348671 0.148681 0.097662 0.040525
1 0.300992 0.181942 0.125973 0.025800
1 0.308496 0.203205 0.094151 0.020699
1 0.297319 0.194782 0.112899 0.020039
1 0.414343 0.121055 0.089303 0.040244
1 0.417667 0.112342 0.084469 0.046350
1 0.426793 0.105869 0.077555 0.061608
1 0.445571 0.103654 0.050009 0.060519
1 0.464976 0.099754 0.042349 0.049851
1 0.506212 0.098942 0.038277 0.054352
1 0.487649 0.099289 0.034265 0.053572
1 0.561748 0.118722 0.037677 0.031462
1 0.569460 0.110468 0.032581 0.040847
1 0.581758 0.105874 0.035657 0.048877
1 0.609066 0.105382 0.040544 0.053693
1 0.632639 0.104375 0.048366 0.059042
1 0.656699 0.107906 0.069893 0.053283
1 0.674409 0.114158 0.079828 0.049677
1 0.685693 0.121974 0.089672 0.038565
1 0.750655 0.157584 0.099414 0.038077
1 0.762122 0.162605 0.106990 0.035381
1 0.775845 0.173443 0.122667 0.021466
1 0.775484 0.183573 0.121290 0.016315
1 0.776143 0.207774 0.113863 0.021244
1 0.779167 0.196840 0.119081 0.013710
1 0.752369 0.230846 0.099401 0.018411
1 0.764789 0.239754 0.129936 0.017855
1 0.766133 0.257697 0.129249 0.022909
1 0.764912 0.266520 0.127880 0.024702
1 0.757234 0.277105 0.117282 0.036438
1 0.736292 0.281897 0.103780 0.044158
1 0.719659 0.285273 0.089108 0.041054
1 0.630167 0.333908 0.046018 0.059062
1 0.596820 0.332047 0.043241 0.059592
1 0.649061 0.330254 0.075666 0.057989
1 0.665726 0.325002 0.074853 0.048766
1 0.576134 0.331943 0.043969 0.057411
1 0.564504 0.326728 0.048889 0.050160
1 0.762393 0.313242 0.127375 0.025817
1 0.724477 0.343855 0.062878 0.073225
1 0.506910 0.317332 0.037836 0.033127
1 0.493848 0.325391 0.052833 0.049005
1 0.476787 0.331289 0.050887 0.058018
1 0.439867 0.330439 0.047889 0.058348
1 0.422562 0.324448 0.072496 0.052919
1 0.398733 0.318124 0.079161 0.046607
1 0.392840 0.306873 0.064623 0.031927
1 0.300827 0.232549 0.109690 0.018122
1 0.341375 0.285586 0.052207 0.031482
1 0.319336 0.280818 0.097319 0.033830
1 0.299558 0.273345 0.106971 0.032330
1 0.295645 0.263714 0.114988 0.020782
1 0.295833 0.251868 0.113004 0.017552
1 0.294999 0.240571 0.105616 0.013778
1 0.280556 0.309172 0.134136 0.025165
1 0.351111 0.336753 0.065939 0.071706
1 0.199008 0.369174 0.114528 0.039938
1 0.184684 0.322989 0.140182 0.034715
1 0.197140 0.348231 0.107608 0.019505
1 0.236492 0.387944 0.065883 0.068378
1 0.275358 0.386372 0.049256 0.059480
1 0.319026 0.385658 0.054269 0.058225
1 0.370411 0.385652 0.065306 0.061678
1 0.406180 0.389096 0.057489 0.057911
1 0.437397 0.392243 0.042278 0.063380
1 0.470651 0.392756 0.039989 0.059175
1 0.533298 0.351256 0.062645 0.049054
1 0.505889 0.391085 0.057279 0.056708
1 0.702434 0.393757 0.058668 0.059722
1 0.669902 0.393650 0.049161 0.058364
1 0.633026 0.394547 0.040622 0.055190
1 0.563907 0.391184 0.065597 0.054756
1 0.829245 0.394195 0.062985 0.054829
1 0.794907 0.391402 0.047740 0.056690
1 0.754418 0.391502 0.039012 0.054667
1 0.871668 0.374971 0.113570 0.033072
1 0.873753 0.356036 0.119136 0.026142
1 0.877056 0.334716 0.122473 0.026510
1 0.875718 0.306963 0.128540 0.040387
1 0.885100 0.286859 0.126006 0.037587
1 0.889258 0.270011 0.116565 0.032691
1 0.891723 0.253404 0.104152 0.028840
1 0.816343 0.225854 0.097897 0.029452
1 0.903917 0.234619 0.084219 0.020411
1 0.886608 0.211613 0.102984 0.037654
1 0.891644 0.194094 0.107256 0.028183
1 0.888920 0.175668 0.099731 0.025451
1 0.885032 0.160290 0.105064 0.018713
1 0.880578 0.144980 0.103049 0.025624
1 0.794660 0.130732 0.119862 0.029646
1 0.736431 0.100084 0.044142 0.064597
1 0.865181 0.082178 0.089163 0.033229
1 0.875678 0.121938 0.113780 0.025937
1 0.878656 0.099750 0.107549 0.019327
1 0.829991 0.059966 0.080917 0.059457
1 0.800014 0.060861 0.050163 0.053141
1 0.760785 0.062383 0.041644 0.045367
1 0.718097 0.059156 0.075730 0.054105
1 0.691895 0.054026 0.042896 0.052094
1 0.659135 0.051104 0.037198 0.055260
1 0.624624 0.050269 0.035076 0.050401
1 0.585561 0.051669 0.039176 0.050444
1 0.556305 0.086277 0.054879 0.053981
1 0.533423 0.049286 0.056277 0.047965
1 0.492519 0.046130 0.047331 0.052647
1 0.458292 0.047427 0.041999 0.051101
1 0.420290 0.047323 0.040870 0.050628
1 0.386598 0.052478 0.046997 0.058836
1 0.355092 0.098019 0.059704 0.080432
1 0.311335 0.122581 0.132671 0.033861
1 0.337826 0.054537 0.059168 0.059542
1 0.298177 0.051323 0.041852 0.056183
1 0.261697 0.049872 0.055004 0.053767
1 0.224625 0.065400 0.111649 0.042252
1 0.213741 0.085769 0.116177 0.038648
1 0.210419 0.104545 0.112768 0.046592
1 0.206513 0.123130 0.113913 0.040018
1 0.200253 0.137420 0.097561 0.030305
1 0.189859 0.155758 0.096733 0.031164
1 0.261462 0.204299 0.096784 0.035142
1 0.188214 0.173669 0.106297 0.029280
1 0.169873 0.192792 0.086869 0.021620
1 0.188337 0.218837 0.102542 0.037450
1 0.186194 0.235207 0.100855 0.021635
1 0.181975 0.254051 0.108755 0.021484
1 0.183524 0.274683 0.111674 0.023181
1 0.185709 0.287390 0.119590 0.019338
1 0.200178 0.299917 0.101835 0.022186
1 0.094463 0.277782 0.108129 0.031177
1 0.094110 0.302723 0.108061 0.033635
1 0.101417 0.328692 0.121538 0.032801
1 0.099428 0.347083 0.115347 0.030959
1 0.104236 0.412778 0.123524 0.038903
1 0.102377 0.401856 0.128284 0.025616
1 0.091340 0.384149 0.106776 0.026974
1 0.099835 0.364535 0.123124 0.029204
0 0.057746 0.438507 0.033987 0.023758
0 0.070696 0.449479 0.036475 0.019974
0 0.093820 0.450861 0.029573 0.017235
1 0.096060 0.254584 0.107466 0.028164
1 0.093436 0.234114 0.102700 0.030347
1 0.105450 0.212932 0.123061 0.026307
1 0.099628 0.194806 0.112605 0.028583
1 0.108624 0.170877 0.118375 0.030686
1 0.105098 0.151381 0.099716 0.024965
1 0.108945 0.130948 0.103722 0.029891
1 0.115668 0.112572 0.114033 0.030195
1 0.119972 0.093067 0.115042 0.024203
1 0.117759 0.073781 0.105683 0.025223
1 0.110917 0.060600 0.086743 0.020952
1 0.133297 0.017047 0.130377 0.034094
1 0.126609 0.024340 0.118848 0.035947
1 0.114489 0.051706 0.101789 0.022355
1 0.122027 0.040272 0.102950 0.023688
1 0.181836 0.015241 0.057379 0.030483
1 0.207990 0.016400 0.031136 0.032800
1 0.233360 0.016749 0.030078 0.033498
1 0.264990 0.016140 0.044954 0.032281
1 0.300320 0.017857 0.052925 0.035715
1 0.336453 0.018896 0.043910 0.037793
1 0.413239 0.016275 0.041233 0.032551
1 0.375332 0.017856 0.040548 0.035712
1 0.454384 0.015797 0.037431 0.031594
1 0.493893 0.015445 0.039830 0.030891
1 0.532815 0.017783 0.047202 0.035566
1 0.571587 0.019987 0.038582 0.039975
1 0.613766 0.018536 0.041548 0.037072
1 0.652117 0.017576 0.044290 0.035152
1 0.693714 0.019818 0.045164 0.039636
1 0.725432 0.021427 0.051929 0.042853
1 0.763658 0.022304 0.042440 0.044609
1 0.799848 0.023680 0.055884 0.046754
1 0.838666 0.023666 0.050539 0.045812
1 0.876047 0.023520 0.041864 0.044432
1 0.907100 0.025924 0.050208 0.048565
1 0.950710 0.082497 0.098580 0.030560
1 0.942244 0.040054 0.103756 0.030200
0 0.980622 0.007136 0.038757 0.009505
0 0.982444 0.018636 0.024667 0.015231
1 0.953819 0.052598 0.092363 0.017320
1 0.953773 0.065473 0.092454 0.019019
1 0.951969 0.120376 0.096062 0.027573
1 0.951642 0.099095 0.096716 0.027249
1 0.954051 0.136180 0.091897 0.026697
1 0.956191 0.155098 0.087619 0.023900
1 0.962410 0.177320 0.075180 0.026134
1 0.960857 0.195528 0.078286 0.025382
1 0.956791 0.216204 0.086418 0.029751
1 0.953440 0.235053 0.093121 0.028120
1 0.958127 0.254535 0.083746 0.029260
1 0.962486 0.273535 0.075028 0.027104
1 0.963201 0.294860 0.073597 0.027574
1 0.957831 0.318264 0.084338 0.031330
1 0.952162 0.337267 0.095675 0.028545
1 0.954445 0.358539 0.091111 0.027041
1 0.955828 0.379464 0.088344 0.031112
1 0.953786 0.398678 0.092428 0.034087
1 0.952127 0.415552 0.095745 0.030272
1 0.952544 0.428850 0.094912 0.039508
0 0.972233 0.465803 0.043141 0.010725
0 0.989872 0.463680 0.020257 0.012960
0 0.990848 0.452805 0.018305 0.009844
1 0.923868 0.441733 0.061415 0.055243
1 0.896126 0.441121 0.044657 0.055478
1 0.862090 0.439678 0.042621 0.057080
1 0.830001 0.439712 0.045233 0.059496
1 0.796180 0.439381 0.054407 0.052564
1 0.756209 0.438431 0.048820 0.055614
1 0.718884 0.438936 0.056523 0.062026
1 0.681831 0.439533 0.041099 0.053773
1 0.639301 0.440524 0.050177 0.052480
1 0.596104 0.439780 0.054459 0.053567
1 0.559532 0.441222 0.042615 0.055804
1 0.522980 0.437379 0.049947 0.062905
1 0.483625 0.437167 0.045364 0.057630
1 0.439588 0.438857 0.047083 0.054707
1 0.397234 0.436278 0.052837 0.060902
1 0.358268 0.433816 0.054399 0.060726
1 0.320617 0.432815 0.050472 0.058385
1 0.282481 0.433475 0.046582 0.057034
1 0.245874 0.434147 0.048442 0.053890
1 0.203096 0.430219 0.048602 0.063424
1 0.165105 0.430812 0.051460 0.062726
1 0.137831 0.430550 0.075849 0.061720
