0 0.517267 0.237919 0.052595 0.014574
0 0.470140 0.236618 0.048950 0.020300
0 0.569890 0.240522 0.053582 0.022902
0 0.605534 0.239481 0.055199 0.016656
0 0.648756 0.236358 0.046867 0.018738
0 0.690457 0.232454 0.049033 0.024464
0 0.742016 0.229851 0.055291 0.016136
0 0.418563 0.235833 0.056241 0.017177
0 0.375341 0.233491 0.046867 0.015615
0 0.326131 0.234011 0.051554 0.015615
1 0.648613 0.387364 0.066135 0.062461
1 0.594456 0.391268 0.067176 0.062982
1 0.549671 0.398034 0.058844 0.071310
1 0.494993 0.394385 0.068218 0.067156
1 0.442398 0.393995 0.061969 0.063772
1 0.389542 0.389966 0.057282 0.069749
1 0.341406 0.395313 0.064062 0.065625
1 0.285132 0.393610 0.056761 0.067666
1 0.230714 0.409225 0.055199 0.060379
1 0.455416 0.333231 0.076550 0.069748
1 0.409070 0.332190 0.067176 0.072872
1 0.352308 0.333231 0.067176 0.077036
1 0.694891 0.382413 0.057277 0.082302
1 0.554836 0.337498 0.077487 0.069957
1 0.508594 0.337290 0.070822 0.073704
1 0.503178 0.276077 0.088319 0.061212
1 0.455061 0.272954 0.071238 0.059130
1 0.403611 0.270872 0.074154 0.057464
1 0.302567 0.334999 0.061656 0.073288
1 0.240702 0.344160 0.065406 0.083282
1 0.272363 0.256298 0.067905 0.075786
1 0.359432 0.269831 0.070405 0.057881
1 0.307982 0.273163 0.067489 0.057881
1 0.555684 0.282049 0.063115 0.065897
1 0.605520 0.278770 0.052804 0.069332
1 0.650512 0.281737 0.049679 0.079638
1 0.695193 0.277052 0.054678 0.081512
1 0.738467 0.274242 0.048742 0.075266
1 0.782678 0.266746 0.052179 0.087134
1 0.822203 0.260344 0.056866 0.076827
1 0.871908 0.258614 0.068114 0.089632
1 0.921587 0.265641 0.046242 0.089944
1 0.744724 0.390331 0.046242 0.081200
1 0.714414 0.333219 0.050617 0.059338
1 0.668952 0.330252 0.039681 0.054029
1 0.619429 0.340090 0.049992 0.063711
1 0.765343 0.330720 0.051241 0.080575
1 0.816897 0.328534 0.055616 0.064960
1 0.862826 0.329003 0.054991 0.070894
1 0.911725 0.324943 0.057178 0.070894
1 0.954483 0.339385 0.055616 0.092130
1 0.794101 0.382973 0.057803 0.070581
1 0.844249 0.382036 0.061865 0.065584
1 0.892679 0.379694 0.066239 0.077140
1 0.951263 0.390781 0.052179 0.052468
1 0.807224 0.444810 0.067176 0.059963
1 0.852373 0.443873 0.079987 0.061837
1 0.903614 0.448401 0.068114 0.067146
1 0.944233 0.441687 0.074363 0.071831
1 0.762856 0.443717 0.054678 0.059651
1 0.711302 0.446059 0.069051 0.064960
1 0.657718 0.446215 0.066864 0.067146
1 0.606945 0.453398 0.061552 0.065897
1 0.554307 0.456330 0.066239 0.065272
1 0.504003 0.449928 0.063739 0.055591
1 0.451355 0.456174 0.072800 0.066834
1 0.403550 0.454144 0.064052 0.064647
1 0.347310 0.451333 0.067801 0.060900
1 0.947596 0.507908 0.069051 0.083074
1 0.896199 0.506347 0.069363 0.071831
1 0.847613 0.506035 0.069051 0.068707
1 0.795747 0.506347 0.067176 0.070581
1 0.747942 0.506972 0.065302 0.071206
1 0.692170 0.509158 0.061865 0.064335
1 0.648229 0.507582 0.049054 0.061837
1 0.598706 0.505708 0.048742 0.063711
1 0.546691 0.504685 0.056167 0.058487
1 0.482972 0.515095 0.072905 0.080367
1 0.437500 0.510156 0.053125 0.054688
1 0.388820 0.511764 0.072905 0.062045
1 0.325914 0.512596 0.067905 0.057881
1 0.267799 0.511347 0.071655 0.060379
1 0.387571 0.570021 0.075404 0.063791
1 0.328622 0.571518 0.080820 0.069957
1 0.438187 0.569020 0.075821 0.072455
1 0.492345 0.577140 0.073321 0.057881
1 0.544836 0.580471 0.068322 0.067875
1 0.594411 0.567354 0.067489 0.069124
1 0.647111 0.568395 0.074571 0.067042
1 0.694531 0.574219 0.060937 0.082812
1 0.272906 0.572559 0.083104 0.070373
1 0.748289 0.570433 0.071238 0.067042
1 0.798905 0.569809 0.071655 0.066625
1 0.848064 0.570433 0.074154 0.060379
1 0.897639 0.568976 0.059990 0.059130
1 0.940757 0.582301 0.055407 0.059130
1 0.940548 0.639349 0.054991 0.074954
1 0.891598 0.621860 0.046242 0.079118
1 0.840357 0.622901 0.046242 0.069540
1 0.797239 0.629563 0.063323 0.062878
1 0.680800 0.637892 0.052908 0.068707
1 0.637265 0.629980 0.051658 0.067875
1 0.587065 0.629563 0.048742 0.061212
1 0.532325 0.631722 0.055407 0.061212
1 0.479417 0.634220 0.051241 0.057048
1 0.426093 0.633595 0.052075 0.060796
1 0.373602 0.632971 0.056241 0.067042
1 0.316944 0.635469 0.063739 0.062878
1 0.265495 0.639841 0.051658 0.059963
1 0.214961 0.634850 0.064989 0.063242
1 0.314319 0.704364 0.077071 0.074121
1 0.260995 0.706030 0.078737 0.077452
1 0.207254 0.713942 0.061240 0.085780
1 0.368060 0.707279 0.070405 0.088279
1 0.423676 0.706030 0.073321 0.091610
1 0.477209 0.700617 0.063739 0.085780
1 0.527200 0.702074 0.071238 0.092026
1 0.637848 0.702837 0.070405 0.102020
1 0.699088 0.708459 0.059573 0.076619
1 0.756250 0.706250 0.062500 0.075000
1 0.800893 0.705853 0.051241 0.076203
1 0.846511 0.705853 0.068322 0.077868
1 0.892336 0.702313 0.066656 0.081616
1 0.939204 0.701272 0.062073 0.082865
1 0.944135 0.779141 0.057772 0.078701
1 0.882546 0.775393 0.056241 0.073704
1 0.831305 0.767689 0.051242 0.082449
1 0.783188 0.766024 0.060823 0.077452
1 0.732363 0.762692 0.065822 0.070789
1 0.283057 0.458567 0.094984 0.059130
1 0.222233 0.464397 0.051658 0.060796
1 0.211011 0.536852 0.067438 0.094108
1 0.730672 0.631496 0.066239 0.083698
1 0.465693 0.771097 0.065168 0.076738
1 0.576166 0.760166 0.045082 0.063800
1 0.629505 0.762397 0.079451 0.074507
1 0.585093 0.698820 0.062936 0.060677
1 0.683961 0.767081 0.059812 0.063354
1 0.409311 0.769777 0.054455 0.074507
1 0.361551 0.768884 0.048206 0.066477
1 0.299954 0.782715 0.069631 0.076292
1 0.243267 0.787177 0.067846 0.075400
1 0.325173 0.855215 0.054902 0.093692
1 0.275182 0.859007 0.065614 0.079861
1 0.369363 0.850753 0.067400 0.097261
1 0.420693 0.847184 0.058472 0.103507
1 0.474033 0.852538 0.073202 0.088338
1 0.519531 0.771094 0.067187 0.070312
1 0.532241 0.847827 0.068593 0.085412
1 0.572351 0.845648 0.077313 0.094418
1 0.625685 0.837514 0.081091 0.086865
1 0.688756 0.842453 0.052026 0.081636
1 0.725087 0.847246 0.070047 0.098776
1 0.775542 0.849485 0.078185 0.091804
1 0.822337 0.850792 0.099693 0.088027
1 0.876543 0.857910 0.108703 0.084831
