0 0.660774 0.177312 0.152423 0.074681
0 0.577579 0.200189 0.165484 0.074059
0 0.493446 0.219830 0.132489 0.063956
0 0.410131 0.237382 0.150727 0.064448
0 0.325136 0.249338 0.146167 0.070123
0 0.238631 0.262830 0.133552 0.073376
0 0.168166 0.286130 0.129951 0.072357
0 0.087319 0.302812 0.087680 0.066469
0 0.404787 0.083960 0.169477 0.059900
0 0.324295 0.091381 0.148176 0.066064
0 0.490308 0.071249 0.144722 0.059370
0 0.588741 0.066832 0.150784 0.057754
0 0.232463 0.099849 0.141510 0.072798
0 0.157790 0.116429 0.127622 0.068621
0 0.104402 0.136248 0.082901 0.078000
0 0.674874 0.050435 0.140876 0.055730
0 0.753384 0.051454 0.154510 0.036837
0 0.131682 0.490398 0.125293 0.072622
0 0.211739 0.467096 0.121583 0.056224
0 0.299514 0.449296 0.087823 0.057505
0 0.451383 0.410332 0.124621 0.062521
0 0.369889 0.429404 0.104057 0.058822
0 0.519427 0.387947 0.116335 0.056199
0 0.601965 0.375330 0.120272 0.063456
0 0.667166 0.354368 0.108001 0.056143
0 0.742790 0.330755 0.082612 0.050044
0 0.813446 0.310465 0.084125 0.056801
0 0.885696 0.288884 0.091370 0.049120
0 0.831720 0.426649 0.094208 0.049294
0 0.748694 0.443443 0.107405 0.054385
0 0.670419 0.461489 0.104398 0.063069
0 0.601469 0.477431 0.107645 0.058125
0 0.538170 0.499335 0.113102 0.058648
0 0.464163 0.513871 0.111885 0.059545
0 0.382120 0.530155 0.118506 0.055905
0 0.317177 0.533903 0.118537 0.061711
0 0.235803 0.546014 0.108218 0.060905
0 0.165894 0.565266 0.111640 0.066595
0 0.087440 0.586977 0.111079 0.062432
0 0.946893 0.503747 0.106214 0.048823
0 0.891253 0.519449 0.121400 0.056059
0 0.833317 0.537776 0.093094 0.053796
0 0.756978 0.553536 0.106565 0.054465
0 0.671365 0.566834 0.118182 0.059570
0 0.602987 0.586892 0.103611 0.062778
0 0.532062 0.609918 0.115015 0.059529
0 0.461675 0.626048 0.132776 0.061526
0 0.367141 0.638445 0.153790 0.048419
0 0.292028 0.648688 0.156221 0.064880
0 0.215349 0.671432 0.146847 0.064496
0 0.137393 0.692841 0.143228 0.064218
0 0.086671 0.718861 0.098107 0.069565
0 0.957503 0.627994 0.084994 0.051187
0 0.872214 0.647654 0.087272 0.039001
0 0.810067 0.670296 0.069779 0.035608
0 0.754846 0.679126 0.084289 0.034474
0 0.670588 0.696171 0.103551 0.044644
0 0.609756 0.714855 0.088484 0.044479
0 0.547252 0.737308 0.074402 0.036812
0 0.475972 0.757192 0.071401 0.040840
0 0.429115 0.781530 0.063912 0.046573
0 0.366448 0.813808 0.073135 0.060871
0 0.501739 0.878785 0.081986 0.042387
0 0.571059 0.859399 0.079965 0.045438
0 0.431302 0.903223 0.095376 0.045163
0 0.369363 0.928766 0.095437 0.039489
0 0.635770 0.838682 0.070598 0.049144
0 0.707211 0.820790 0.098998 0.045924
0 0.781556 0.808038 0.113733 0.052792
0 0.854814 0.789421 0.100868 0.052601
0 0.928610 0.768381 0.098574 0.053886
0 0.674518 0.950214 0.057446 0.056062
0 0.718802 0.922516 0.068426 0.058407
