0 0.502794 0.556278 0.028423 0.023741
0 0.486460 0.559857 0.024653 0.015394
0 0.473602 0.558701 0.024710 0.014360
0 0.440270 0.557882 0.026569 0.010283
0 0.426217 0.554506 0.027846 0.012271
0 0.408667 0.551379 0.030859 0.011746
0 0.455606 0.558408 0.026903 0.011507
0 0.518762 0.553796 0.027575 0.012278
0 0.535887 0.551324 0.037681 0.020510
0 0.556169 0.551334 0.030302 0.014281
0 0.572945 0.552605 0.029163 0.016006
0 0.587388 0.552634 0.024782 0.016256
0 0.604038 0.550001 0.028287 0.012693
2 0.560108 0.606053 0.017166 0.040260
2 0.546686 0.606010 0.018934 0.041990
2 0.529221 0.607598 0.020138 0.047453
2 0.576237 0.607211 0.016219 0.044771
2 0.589983 0.603749 0.021896 0.043254
2 0.607107 0.603456 0.017310 0.039133
2 0.623184 0.601024 0.016467 0.043092
2 0.605697 0.574274 0.016139 0.039288
2 0.588942 0.575962 0.016355 0.040216
2 0.574281 0.576333 0.014763 0.038902
2 0.562720 0.575193 0.021896 0.039094
2 0.542934 0.576093 0.017632 0.045656
2 0.523768 0.580063 0.022820 0.043945
2 0.511048 0.610188 0.020040 0.043476
2 0.507351 0.579939 0.015953 0.044675
2 0.489887 0.586459 0.020183 0.045300
2 0.474232 0.585941 0.018760 0.045120
2 0.460350 0.584800 0.014124 0.044173
2 0.445720 0.585365 0.016064 0.048103
2 0.429560 0.582812 0.017632 0.043582
2 0.414159 0.581874 0.017446 0.050922
2 0.398761 0.579780 0.019969 0.044394
2 0.390004 0.613155 0.015081 0.055695
2 0.404052 0.612919 0.016405 0.051146
2 0.419168 0.613211 0.016950 0.048514
2 0.433658 0.614638 0.015897 0.046249
2 0.447980 0.614239 0.017012 0.045689
2 0.462514 0.614524 0.016653 0.042677
2 0.478346 0.613931 0.018377 0.040906
2 0.494940 0.611791 0.018834 0.044749
2 0.611032 0.634602 0.016163 0.048702
2 0.596713 0.634207 0.016058 0.049299
2 0.580797 0.635890 0.016752 0.046464
2 0.566143 0.635604 0.015252 0.041796
2 0.549797 0.638992 0.016269 0.039848
2 0.535793 0.640671 0.016176 0.044208
2 0.518920 0.638419 0.013951 0.040608
2 0.502360 0.641148 0.014682 0.042512
2 0.539097 0.669223 0.017019 0.047569
2 0.553661 0.669141 0.016548 0.051710
2 0.569524 0.668479 0.017248 0.049457
2 0.585220 0.667916 0.018085 0.047743
2 0.599781 0.669240 0.016380 0.043429
2 0.522645 0.669319 0.020148 0.048698
2 0.506975 0.671767 0.017403 0.050021
2 0.490703 0.672986 0.019070 0.047418
2 0.527467 0.703494 0.016504 0.045717
2 0.543745 0.702177 0.014539 0.041750
2 0.559385 0.701527 0.016070 0.045508
2 0.575663 0.701146 0.015891 0.049476
2 0.590953 0.701611 0.015134 0.049459
2 0.604141 0.704098 0.014364 0.052196
2 0.486411 0.644155 0.014223 0.044751
2 0.470027 0.645658 0.015717 0.044201
2 0.455559 0.644626 0.014112 0.043444
2 0.440341 0.646311 0.013994 0.044018
2 0.425523 0.644257 0.015424 0.043522
2 0.410227 0.647237 0.014676 0.049664
2 0.395771 0.645624 0.015041 0.050040
2 0.380680 0.652383 0.011571 0.044185
2 0.397029 0.680817 0.018890 0.048137
2 0.384411 0.683205 0.016227 0.053126
2 0.412789 0.677438 0.019237 0.048711
2 0.427505 0.676501 0.018004 0.047764
2 0.442752 0.674595 0.018693 0.046980
2 0.457344 0.674070 0.018463 0.046147
2 0.474963 0.672716 0.019219 0.048333
2 0.480467 0.703586 0.013976 0.040997
2 0.464583 0.706306 0.015104 0.044391
2 0.449507 0.707158 0.014292 0.044021
2 0.432946 0.711194 0.017030 0.052236
2 0.418520 0.710025 0.013796 0.044779
2 0.401929 0.712383 0.014948 0.046661
2 0.386988 0.714776 0.016609 0.045522
2 0.368847 0.721067 0.018617 0.042188
2 0.512148 0.704785 0.015172 0.043266
2 0.495818 0.703753 0.015606 0.041768
2 0.496818 0.737770 0.023108 0.050544
2 0.479427 0.738612 0.023833 0.051218
2 0.512248 0.735313 0.020514 0.046095
2 0.527426 0.732704 0.025509 0.051201
2 0.574937 0.736489 0.027082 0.048590
2 0.557990 0.735738 0.027497 0.051412
2 0.543660 0.734999 0.026606 0.050141
2 0.589707 0.738736 0.028666 0.049149
2 0.464714 0.736508 0.026767 0.052535
2 0.447910 0.738675 0.026041 0.051401
2 0.432787 0.740333 0.025373 0.051409
2 0.417262 0.741480 0.022088 0.047981
2 0.403457 0.740913 0.021933 0.047042
2 0.387082 0.744107 0.017324 0.049082
