0 0.202819 0.516570 0.017563 0.052944
0 0.206035 0.565164 0.024662 0.048374
0 0.201243 0.462841 0.025239 0.053204
0 0.195487 0.426765 0.017449 0.054143
0 0.188418 0.383149 0.023004 0.045486
0 0.180743 0.341853 0.028300 0.047487
0 0.172382 0.290361 0.020470 0.054398
0 0.209231 0.617315 0.018435 0.057322
0 0.212229 0.661557 0.019337 0.046932
0 0.215680 0.711737 0.018358 0.049958
1 0.342626 0.352241 0.068034 0.066215
1 0.352404 0.408604 0.067268 0.066695
1 0.364916 0.454866 0.075674 0.054953
1 0.364775 0.507564 0.069671 0.069970
1 0.369462 0.562726 0.068225 0.055331
1 0.371942 0.614437 0.071333 0.056456
1 0.383554 0.662053 0.069390 0.063338
1 0.386169 0.719004 0.070699 0.055826
1 0.407033 0.773751 0.065218 0.053757
1 0.305224 0.562709 0.069681 0.086146
1 0.308908 0.610076 0.073598 0.079131
1 0.317240 0.667734 0.075083 0.077588
1 0.334295 0.305648 0.084409 0.054037
1 0.301062 0.461555 0.068262 0.086886
1 0.306345 0.508489 0.070100 0.082660
1 0.243714 0.524904 0.066025 0.084469
1 0.244111 0.573395 0.065384 0.065422
1 0.246164 0.626968 0.062771 0.068693
1 0.324015 0.718232 0.072034 0.072425
1 0.339800 0.779071 0.088611 0.057419
1 0.246325 0.761542 0.080776 0.063156
1 0.251311 0.671151 0.062535 0.064576
1 0.259288 0.722372 0.062896 0.059840
1 0.244596 0.470001 0.071429 0.056190
1 0.236286 0.419934 0.075280 0.047839
1 0.234797 0.372557 0.083629 0.045120
1 0.225970 0.326887 0.085751 0.052104
1 0.218355 0.285261 0.079327 0.050504
1 0.206675 0.242460 0.090039 0.058329
1 0.195995 0.200429 0.078584 0.057243
1 0.188999 0.150925 0.092222 0.068669
1 0.191846 0.100619 0.091951 0.053899
1 0.338309 0.256585 0.084769 0.044321
1 0.281603 0.297927 0.059289 0.055291
1 0.283193 0.343513 0.055704 0.043462
1 0.297576 0.394239 0.063843 0.055238
1 0.273958 0.247856 0.080010 0.057344
1 0.267404 0.195706 0.065297 0.062278
1 0.263071 0.149381 0.070790 0.061560
1 0.254895 0.098599 0.070370 0.064270
1 0.264291 0.050743 0.093743 0.059665
1 0.325578 0.205857 0.073533 0.055419
1 0.319870 0.156768 0.069653 0.056074
1 0.313760 0.107806 0.082570 0.059013
1 0.320086 0.044856 0.054787 0.053120
1 0.386666 0.183330 0.059522 0.078475
1 0.383388 0.138134 0.060649 0.091661
1 0.381758 0.086343 0.068192 0.078965
1 0.372469 0.045445 0.070493 0.085168
1 0.390419 0.227762 0.061490 0.064045
1 0.398196 0.281461 0.066692 0.080148
1 0.403358 0.335458 0.070055 0.077406
1 0.414949 0.386570 0.066872 0.071085
1 0.424138 0.439843 0.063378 0.075961
1 0.423718 0.491028 0.054699 0.074059
1 0.433921 0.544479 0.064446 0.082281
1 0.437763 0.592430 0.063726 0.074839
1 0.436656 0.649183 0.061038 0.077664
1 0.438034 0.034912 0.087270 0.069823
1 0.442653 0.081409 0.067537 0.082606
1 0.448560 0.129049 0.069793 0.072616
1 0.451987 0.185607 0.074764 0.066426
1 0.458293 0.236084 0.074717 0.070093
1 0.465737 0.287983 0.066748 0.066413
1 0.468568 0.331638 0.064887 0.053915
1 0.470709 0.381031 0.064023 0.052356
1 0.475182 0.437691 0.059191 0.065890
1 0.491975 0.496493 0.086226 0.070433
1 0.490038 0.547224 0.056172 0.062935
1 0.497651 0.597338 0.061777 0.082539
1 0.502534 0.660428 0.060412 0.076459
1 0.509653 0.720382 0.060514 0.077653
1 0.558910 0.586192 0.064179 0.085543
1 0.564719 0.645936 0.070086 0.091699
1 0.551575 0.534236 0.072265 0.087200
1 0.553798 0.479531 0.059795 0.082500
1 0.553312 0.426519 0.065378 0.078347
1 0.533524 0.376778 0.070048 0.077192
1 0.531162 0.322706 0.069126 0.085620
1 0.531604 0.273764 0.083185 0.072178
1 0.570978 0.702953 0.072157 0.094861
1 0.524587 0.221135 0.066106 0.081232
1 0.518745 0.169217 0.065213 0.083584
1 0.513068 0.119707 0.062769 0.083886
1 0.507127 0.069272 0.057064 0.070578
1 0.515791 0.027521 0.060052 0.055041
1 0.576485 0.023202 0.075592 0.046403
1 0.561644 0.063991 0.079895 0.052148
1 0.568818 0.116353 0.071740 0.049826
1 0.578311 0.161238 0.066687 0.056239
1 0.599385 0.275036 0.071546 0.046879
1 0.595194 0.318298 0.068863 0.054489
1 0.599091 0.371948 0.061600 0.054989
1 0.605956 0.424670 0.062281 0.056336
1 0.613776 0.477771 0.057832 0.052359
1 0.617726 0.532323 0.061506 0.053824
1 0.623004 0.586278 0.068165 0.056476
1 0.633447 0.646336 0.066159 0.071268
1 0.639567 0.695111 0.061847 0.054710
1 0.641206 0.749609 0.064726 0.060540
1 0.703533 0.636997 0.075175 0.089239
1 0.708032 0.688271 0.076884 0.088232
1 0.722798 0.742417 0.090011 0.071501
1 0.699846 0.581599 0.089116 0.081007
1 0.694088 0.526028 0.090996 0.085510
1 0.683151 0.472440 0.084259 0.075739
1 0.678853 0.420716 0.091477 0.084626
1 0.669933 0.310816 0.100064 0.078816
1 0.668053 0.245930 0.079951 0.063224
1 0.662024 0.189147 0.076641 0.061172
1 0.656982 0.141230 0.077920 0.057989
1 0.651455 0.096067 0.078434 0.080702
1 0.644265 0.049268 0.084497 0.079200
1 0.637607 0.020662 0.077897 0.041324
1 0.695297 0.008157 0.031706 0.016315
1 0.722093 0.045016 0.076028 0.052440
1 0.718525 0.098430 0.086796 0.050522
1 0.722217 0.144214 0.081250 0.058390
1 0.724073 0.195130 0.075990 0.065747
1 0.451254 0.713815 0.061425 0.106202
1 0.464925 0.775248 0.066298 0.055179
1 0.539586 0.768093 0.098284 0.065090
1 0.587843 0.221627 0.088098 0.065434
1 0.757883 0.467062 0.082337 0.063203
1 0.736497 0.357813 0.066351 0.050961
1 0.733259 0.305221 0.079095 0.090043
1 0.670699 0.362419 0.064851 0.072401
1 0.732989 0.249079 0.066346 0.067780
1 0.762244 0.523999 0.078580 0.051911
1 0.763879 0.572031 0.067520 0.051942
1 0.785118 0.633031 0.080890 0.066599
1 0.795142 0.691976 0.080014 0.058092
1 0.857597 0.597063 0.097437 0.063913
1 0.866738 0.645042 0.081562 0.068110
1 0.850084 0.554966 0.100512 0.077636
1 0.839842 0.503238 0.108233 0.071377
1 0.840605 0.442611 0.090232 0.070970
1 0.752264 0.411517 0.073660 0.066801
1 0.830273 0.388258 0.088649 0.075328
1 0.825413 0.350232 0.095656 0.089510
1 0.811820 0.296553 0.087506 0.095259
1 0.808935 0.230186 0.085682 0.060542
1 0.811108 0.192053 0.100230 0.070155
1 0.807092 0.142805 0.097834 0.071489
1 0.803520 0.094216 0.095246 0.089537
1 0.806709 0.044088 0.092677 0.088175
