0 0.497219 0.767239 0.031124 0.023603
0 0.475595 0.764289 0.033920 0.023067
0 0.454692 0.761607 0.029433 0.026178
0 0.436201 0.760748 0.026807 0.018453
0 0.417485 0.758817 0.030913 0.027466
0 0.395971 0.757744 0.028537 0.021887
0 0.375713 0.755813 0.028480 0.024032
0 0.356263 0.753667 0.024392 0.019741
0 0.516764 0.771671 0.025558 0.024073
0 0.531929 0.774155 0.018569 0.021739
0 0.334884 0.750665 0.023426 0.020170
0 0.318099 0.750236 0.026083 0.021887
0 0.299141 0.753026 0.027773 0.026607
2 0.266824 0.721811 0.018876 0.039301
2 0.285223 0.723844 0.023261 0.045399
2 0.305027 0.722222 0.021286 0.049919
2 0.323260 0.722150 0.024214 0.048110
2 0.342994 0.721303 0.021736 0.049804
2 0.361488 0.722658 0.022117 0.039640
2 0.383319 0.723505 0.020782 0.042011
2 0.403529 0.726385 0.023070 0.043705
2 0.424276 0.728838 0.018685 0.041673
2 0.444746 0.731481 0.024457 0.042673
2 0.465173 0.732226 0.024214 0.044383
2 0.484716 0.734937 0.019066 0.045061
2 0.504163 0.738494 0.018685 0.043367
2 0.521609 0.743805 0.023070 0.041555
2 0.543916 0.744084 0.020401 0.051159
2 0.549350 0.707663 0.024023 0.050143
2 0.530189 0.704106 0.021545 0.060646
2 0.511514 0.702844 0.020973 0.056919
2 0.490255 0.700473 0.021545 0.061662
2 0.449072 0.693527 0.023451 0.068099
2 0.470788 0.698873 0.023098 0.057971
2 0.430322 0.689535 0.020782 0.058613
2 0.411638 0.689366 0.022308 0.060984
2 0.392762 0.688858 0.025358 0.068777
2 0.371312 0.684961 0.023642 0.057596
2 0.350149 0.682929 0.024786 0.060307
2 0.330265 0.684282 0.020592 0.058952
2 0.311594 0.681562 0.023551 0.060386
2 0.292513 0.680385 0.019829 0.055902
2 0.272970 0.687670 0.018494 0.048110
2 0.260577 0.686823 0.016969 0.056580
2 0.263720 0.636660 0.024405 0.050143
2 0.281261 0.640217 0.019448 0.051159
2 0.300804 0.639878 0.018494 0.055902
2 0.318614 0.642110 0.014946 0.053945
2 0.340366 0.639370 0.020973 0.061662
2 0.360577 0.638354 0.018304 0.065728
2 0.379929 0.641572 0.020020 0.065389
2 0.399679 0.647999 0.016016 0.052175
2 0.420063 0.652174 0.018569 0.046699
2 0.438955 0.654776 0.018685 0.050820
2 0.459070 0.650879 0.020782 0.061323
2 0.481378 0.654437 0.018113 0.063695
2 0.501874 0.658502 0.019066 0.062340
2 0.520845 0.657994 0.016588 0.062678
2 0.539339 0.660874 0.018113 0.059629
2 0.525589 0.614734 0.020380 0.057166
2 0.504529 0.613527 0.025362 0.061192
2 0.485442 0.616227 0.027074 0.067083
2 0.467234 0.615041 0.022689 0.062001
2 0.446910 0.614806 0.022308 0.057596
2 0.427081 0.610910 0.023070 0.060646
2 0.408873 0.608030 0.024405 0.060307
2 0.385813 0.602609 0.023663 0.056919
2 0.364353 0.601424 0.024977 0.057258
2 0.343762 0.596680 0.023833 0.057935
2 0.325112 0.601401 0.023451 0.063017
2 0.304234 0.596658 0.023261 0.060984
2 0.285073 0.595472 0.018494 0.061323
2 0.269629 0.593270 0.015062 0.054208
2 0.272870 0.548379 0.019257 0.061323
2 0.294606 0.553122 0.017732 0.061323
2 0.314911 0.555663 0.019829 0.055564
2 0.336051 0.560386 0.015399 0.051530
2 0.355236 0.558204 0.015444 0.049804
2 0.377163 0.560745 0.017350 0.050820
2 0.397192 0.570853 0.017210 0.046699
2 0.417346 0.569646 0.017663 0.050725
2 0.439333 0.571758 0.018113 0.051159
2 0.458781 0.575146 0.018494 0.051159
2 0.477085 0.576162 0.016206 0.051837
2 0.499011 0.575485 0.017350 0.048449
2 0.519793 0.576332 0.017350 0.050820
2 0.540353 0.575314 0.018113 0.058274
2 0.547312 0.616648 0.024405 0.058274
2 0.271436 0.509322 0.035463 0.065050
2 0.294030 0.514404 0.030697 0.067760
2 0.316576 0.517713 0.034420 0.066023
2 0.338768 0.520934 0.033514 0.067633
2 0.358417 0.523213 0.029286 0.066405
2 0.382711 0.523549 0.028790 0.068438
2 0.402833 0.527784 0.028968 0.067422
2 0.423140 0.524227 0.031444 0.068438
2 0.441516 0.528123 0.032442 0.069454
2 0.462300 0.527784 0.033964 0.067422
2 0.482563 0.529388 0.031250 0.065217
2 0.505208 0.532609 0.026721 0.061997
2 0.525804 0.528292 0.031650 0.068438
