0 0.553425 0.492492 0.037049 0.019312
0 0.534735 0.493077 0.027663 0.019897
0 0.518747 0.494686 0.023743 0.016093
0 0.589380 0.487810 0.029139 0.020482
0 0.570550 0.490736 0.033097 0.012874
0 0.501704 0.493086 0.026523 0.013564
0 0.489219 0.498143 0.019924 0.008966
0 0.631793 0.484702 0.020833 0.019324
0 0.618101 0.484504 0.020959 0.017243
0 0.602964 0.485768 0.024323 0.011955
0 0.646111 0.483469 0.024452 0.018852
0 0.660149 0.485768 0.018889 0.017013
0 0.673086 0.488872 0.025099 0.018162
0 0.689085 0.490741 0.027627 0.021739
2 0.636021 0.455851 0.019178 0.043546
2 0.621477 0.457555 0.016728 0.043167
2 0.607253 0.459164 0.019605 0.044114
2 0.650589 0.458937 0.015851 0.045089
2 0.664522 0.458312 0.017154 0.043925
2 0.679438 0.461436 0.015449 0.044493
2 0.693396 0.462004 0.017580 0.042978
2 0.590535 0.462046 0.015023 0.041653
2 0.574339 0.463182 0.019498 0.042410
2 0.556120 0.463466 0.022694 0.042599
2 0.538270 0.465781 0.015851 0.039452
2 0.524004 0.467794 0.012681 0.035427
2 0.508355 0.469866 0.020244 0.040706
2 0.491627 0.470718 0.018113 0.041653
2 0.503507 0.440898 0.014810 0.044493
2 0.487578 0.442034 0.012573 0.036541
2 0.473505 0.445652 0.011322 0.041063
2 0.519326 0.440607 0.014064 0.038055
2 0.534509 0.435022 0.014810 0.044303
2 0.550224 0.435969 0.015130 0.041653
2 0.565833 0.436537 0.013958 0.043546
2 0.526411 0.407569 0.018646 0.045439
2 0.511322 0.411433 0.017210 0.051530
2 0.496045 0.411356 0.017367 0.051877
2 0.481182 0.409746 0.015130 0.056231
2 0.511979 0.345889 0.020670 0.048847
2 0.527907 0.345795 0.017367 0.050173
2 0.519703 0.376466 0.013318 0.042599
2 0.505319 0.379401 0.012040 0.042410
2 0.489923 0.378833 0.012573 0.040895
2 0.473958 0.372383 0.016757 0.049114
2 0.549856 0.372774 0.014597 0.042410
2 0.535312 0.375804 0.012146 0.046954
2 0.542771 0.342765 0.017261 0.046765
2 0.498447 0.343049 0.015343 0.054906
2 0.543418 0.407779 0.020990 0.045250
2 0.557642 0.404276 0.018113 0.046575
2 0.572026 0.403329 0.021309 0.046197
2 0.589286 0.401247 0.019605 0.044303
2 0.606121 0.398407 0.017047 0.047711
2 0.582428 0.433977 0.013587 0.040258
2 0.598053 0.433172 0.014040 0.037037
2 0.613845 0.429173 0.014810 0.036919
2 0.636100 0.398168 0.015769 0.045250
2 0.629076 0.430354 0.014493 0.036232
2 0.643569 0.433172 0.012681 0.028986
2 0.649632 0.395801 0.016834 0.043167
2 0.621237 0.399209 0.018219 0.043925
2 0.657382 0.428744 0.014946 0.037842
2 0.665188 0.397032 0.018539 0.044871
2 0.671314 0.427893 0.012679 0.044871
2 0.685462 0.431159 0.012228 0.041063
2 0.700181 0.433575 0.013587 0.049114
2 0.678895 0.398551 0.017210 0.046699
2 0.695154 0.399209 0.021096 0.048658
2 0.687429 0.367023 0.013531 0.041842
2 0.672939 0.368159 0.013105 0.044114
2 0.658235 0.368537 0.011827 0.043735
2 0.643425 0.365887 0.012892 0.040706
2 0.628243 0.369768 0.014064 0.042789
2 0.613273 0.368159 0.015875 0.041842
2 0.701152 0.363724 0.013531 0.047143
2 0.680695 0.335797 0.020137 0.048469
2 0.665991 0.337123 0.017367 0.046197
2 0.650815 0.338969 0.019928 0.046699
2 0.696783 0.334756 0.017367 0.041085
2 0.596590 0.369309 0.013958 0.040517
2 0.581088 0.371676 0.015769 0.043735
2 0.565372 0.374042 0.015023 0.040895
2 0.573363 0.340152 0.017793 0.048090
2 0.557701 0.341572 0.020564 0.044114
2 0.588333 0.338543 0.018965 0.044871
2 0.604581 0.337596 0.018006 0.041842
2 0.618486 0.337312 0.018113 0.042410
2 0.634894 0.337312 0.016408 0.045818
2 0.485897 0.346678 0.009909 0.041274
2 0.475325 0.340271 0.016302 0.044871
2 0.495516 0.306286 0.023014 0.039381
2 0.510958 0.310925 0.025132 0.041463
2 0.524922 0.310925 0.022588 0.042978
2 0.539366 0.309269 0.023121 0.048847
2 0.553590 0.309269 0.023014 0.043925
2 0.569293 0.308776 0.021739 0.044283
2 0.585607 0.305956 0.021842 0.045250
2 0.600417 0.305009 0.025038 0.046386
2 0.615719 0.305293 0.025808 0.046575
2 0.632237 0.306043 0.024932 0.043167
2 0.650136 0.305759 0.025358 0.043735
2 0.667237 0.304150 0.029513 0.041653
2 0.681839 0.307568 0.023098 0.045089
2 0.698775 0.304529 0.024612 0.042031
