0 0.369331 0.619486 0.057043 0.137485
0 0.395725 0.700007 0.059808 0.163813
0 0.367122 0.519775 0.052437 0.140978
0 0.351107 0.431059 0.047743 0.141273
0 0.331575 0.373015 0.042480 0.125483
0 0.423248 0.803373 0.046705 0.168582
0 0.446053 0.911229 0.044084 0.140424
0 0.480495 0.950341 0.034408 0.099317
0 0.309354 0.315428 0.042011 0.110592
1 0.480597 0.263106 0.341915 0.120356
1 0.503094 0.352490 0.303586 0.134446
1 0.520950 0.447336 0.301778 0.146814
1 0.547546 0.544237 0.316745 0.147865
1 0.565748 0.639219 0.325055 0.140901
1 0.578798 0.725848 0.318354 0.126242
1 0.593161 0.821931 0.303828 0.147398
1 0.622811 0.921189 0.320537 0.139229
1 0.648815 0.972214 0.315964 0.055572
