0 0.463709 0.443152 0.019383 0.010981
0 0.477982 0.440312 0.018965 0.012117
0 0.445115 0.447127 0.025886 0.010603
0 0.489708 0.438229 0.022362 0.014768
0 0.506651 0.438229 0.017884 0.011738
0 0.517084 0.438608 0.020031 0.015525
0 0.534541 0.443152 0.020916 0.018554
0 0.548181 0.443654 0.020487 0.009976
0 0.567694 0.446560 0.023653 0.015525
0 0.583157 0.447317 0.028100 0.014010
0 0.599780 0.446559 0.025114 0.012496
0 0.612887 0.445234 0.019358 0.012117
0 0.626508 0.445613 0.023653 0.013632
2 0.447829 0.396198 0.015343 0.030672
2 0.455500 0.416661 0.014917 0.041242
2 0.462532 0.391275 0.016195 0.029914
2 0.469022 0.418175 0.014351 0.032932
2 0.476584 0.389457 0.013160 0.039861
2 0.488598 0.387971 0.015884 0.039861
2 0.482537 0.414274 0.015187 0.036277
2 0.496192 0.412482 0.013515 0.036890
2 0.509080 0.412234 0.016998 0.037881
2 0.503507 0.388342 0.013097 0.039119
2 0.517889 0.388889 0.014040 0.041868
2 0.532557 0.389457 0.015187 0.043328
2 0.523779 0.413968 0.017974 0.038871
2 0.540220 0.417370 0.015744 0.037514
2 0.554711 0.418329 0.018252 0.042528
2 0.548441 0.391437 0.013794 0.038871
2 0.563488 0.392923 0.014908 0.041842
2 0.579511 0.394284 0.017416 0.040109
2 0.572690 0.419082 0.017663 0.039452
2 0.589582 0.423444 0.011592 0.040447
2 0.435779 0.395726 0.013212 0.035594
2 0.439828 0.419960 0.014917 0.036351
2 0.593698 0.393507 0.013502 0.039501
2 0.606706 0.393360 0.014820 0.040964
2 0.621608 0.395555 0.015972 0.041842
2 0.615104 0.418670 0.014820 0.034820
2 0.630253 0.420572 0.014490 0.035113
2 0.635934 0.396286 0.015643 0.037453
2 0.650671 0.397310 0.014820 0.043598
2 0.641285 0.366441 0.013832 0.052083
2 0.628112 0.367667 0.009880 0.042024
2 0.614116 0.365856 0.013502 0.040964
2 0.600367 0.367448 0.012350 0.037194
2 0.585712 0.363716 0.014984 0.037050
2 0.571685 0.362893 0.014769 0.042585
2 0.556289 0.364644 0.012958 0.033636
2 0.542217 0.362724 0.013515 0.035990
2 0.527309 0.361516 0.010728 0.040387
2 0.511355 0.358560 0.013654 0.039366
2 0.496780 0.358942 0.013933 0.037095
2 0.483613 0.359044 0.012122 0.037386
2 0.470098 0.358054 0.009892 0.037881
2 0.455817 0.358724 0.013097 0.040996
2 0.442720 0.360282 0.013654 0.040357
2 0.430110 0.359663 0.011286 0.040604
2 0.427045 0.328220 0.010728 0.043575
2 0.437007 0.330711 0.011146 0.036116
2 0.448432 0.333667 0.010868 0.034167
2 0.461390 0.334285 0.015884 0.036395
2 0.475393 0.330695 0.014908 0.044565
2 0.489326 0.331562 0.014908 0.038871
2 0.503398 0.333295 0.014908 0.043823
2 0.517958 0.332676 0.017834 0.046051
2 0.531821 0.332181 0.018531 0.043080
2 0.547914 0.335276 0.016441 0.047784
2 0.564355 0.336142 0.019506 0.045556
2 0.578985 0.335647 0.015048 0.044565
2 0.591749 0.336735 0.016580 0.049022
2 0.605473 0.337601 0.016720 0.045308
2 0.621914 0.335868 0.015048 0.041347
2 0.635429 0.337106 0.015884 0.041842
2 0.628671 0.305044 0.011843 0.044070
2 0.614947 0.307767 0.015884 0.050012
2 0.599830 0.305309 0.014072 0.042551
2 0.585339 0.306950 0.011843 0.040259
2 0.570083 0.306282 0.014769 0.043575
2 0.555941 0.305663 0.014351 0.041842
2 0.540684 0.304257 0.015048 0.036731
2 0.526595 0.305463 0.014072 0.034189
2 0.512453 0.302893 0.012818 0.040816
2 0.498241 0.301513 0.011982 0.045061
2 0.483890 0.298898 0.014212 0.045834
2 0.469609 0.298775 0.012958 0.043109
2 0.454770 0.298900 0.014490 0.038404
2 0.440350 0.296685 0.011843 0.042832
2 0.427880 0.288962 0.013376 0.038967
2 0.443345 0.268839 0.016441 0.042075
2 0.458463 0.271308 0.018531 0.044565
2 0.470793 0.270194 0.020064 0.042337
2 0.485562 0.270194 0.020064 0.046299
2 0.499983 0.272051 0.021039 0.047041
2 0.515379 0.274874 0.020900 0.052288
2 0.530545 0.273032 0.018656 0.045308
2 0.546421 0.272784 0.016998 0.043823
2 0.560285 0.275632 0.016580 0.043080
2 0.573950 0.276746 0.020461 0.044318
2 0.587487 0.276309 0.021755 0.050260
2 0.602902 0.274452 0.021579 0.045061
2 0.616749 0.274204 0.023144 0.043080
2 0.629830 0.269377 0.024570 0.044813
2 0.642463 0.301315 0.011843 0.049765
