0 0.314577 0.556651 0.031105 0.052833
0 0.311336 0.519166 0.026279 0.061725
0 0.295253 0.217828 0.030814 0.038264
0 0.294838 0.194817 0.023810 0.034905
0 0.299296 0.246712 0.026182 0.058361
0 0.304430 0.289977 0.020023 0.043954
0 0.309637 0.488267 0.024311 0.045641
0 0.306516 0.451914 0.029938 0.044241
0 0.306496 0.416262 0.018593 0.040516
0 0.303212 0.381528 0.021638 0.050304
0 0.306678 0.349910 0.030780 0.051752
0 0.305646 0.319537 0.032642 0.039760
0 0.292117 0.168372 0.022265 0.039942
0 0.318841 0.594813 0.028775 0.054077
0 0.321273 0.630662 0.036198 0.053180
0 0.326182 0.665808 0.034762 0.047298
0 0.328398 0.706272 0.039572 0.054133
0 0.308635 0.840252 0.019785 0.042807
0 0.324156 0.808041 0.027835 0.050076
0 0.327315 0.769881 0.033432 0.066595
0 0.331106 0.740296 0.038470 0.050401
1 0.381742 0.814299 0.089287 0.039108
1 0.391121 0.781071 0.089236 0.042450
1 0.388663 0.741544 0.076338 0.047051
1 0.390864 0.707853 0.102012 0.042875
1 0.388758 0.671223 0.086752 0.045999
1 0.385624 0.636077 0.090119 0.042042
1 0.378160 0.594728 0.092787 0.039192
1 0.379904 0.557980 0.086072 0.054856
1 0.361705 0.454138 0.082071 0.045505
1 0.374177 0.496537 0.100956 0.053449
1 0.370746 0.525098 0.092359 0.056327
1 0.363726 0.413678 0.090671 0.037503
1 0.364030 0.381981 0.086357 0.042692
1 0.359601 0.349903 0.080718 0.047030
1 0.358577 0.314674 0.083949 0.040330
1 0.356062 0.279218 0.081387 0.037999
1 0.355818 0.248142 0.089354 0.037461
1 0.354078 0.212283 0.094187 0.040599
1 0.350494 0.184042 0.092760 0.040586
1 0.362122 0.154159 0.091414 0.037656
1 0.437018 0.261248 0.074919 0.036027
1 0.435376 0.231853 0.079143 0.037093
1 0.436408 0.204036 0.077042 0.044789
1 0.445652 0.166341 0.086377 0.051232
1 0.435300 0.295402 0.079345 0.043538
1 0.440378 0.441167 0.068434 0.039544
1 0.435244 0.404052 0.071398 0.035154
1 0.443705 0.367341 0.096342 0.037691
1 0.447873 0.333829 0.097135 0.040619
1 0.462411 0.622660 0.078625 0.043549
1 0.464256 0.588311 0.093787 0.038337
1 0.463777 0.547245 0.096721 0.040381
1 0.468741 0.508816 0.109486 0.049012
1 0.461001 0.472710 0.106244 0.034915
1 0.466681 0.657169 0.079263 0.043570
1 0.470399 0.694708 0.077784 0.059494
1 0.467959 0.733023 0.079501 0.052221
1 0.466726 0.769877 0.082818 0.055859
1 0.463631 0.807304 0.070558 0.056695
1 0.447187 0.839313 0.096530 0.038685
1 0.363787 0.846950 0.094289 0.032099
1 0.562769 0.838027 0.128137 0.029394
1 0.549200 0.809544 0.090453 0.030236
1 0.552744 0.777872 0.087355 0.033428
1 0.552092 0.743128 0.086010 0.033524
1 0.551474 0.707282 0.097361 0.052131
1 0.550888 0.676524 0.096626 0.051118
1 0.541056 0.631717 0.102166 0.057183
1 0.546853 0.597865 0.073738 0.054155
1 0.542900 0.560891 0.071598 0.056475
1 0.535134 0.524383 0.077753 0.044636
1 0.513886 0.446467 0.088359 0.039386
1 0.525167 0.488593 0.074484 0.046587
1 0.509890 0.415602 0.088578 0.041935
1 0.515691 0.342446 0.079119 0.047811
1 0.508744 0.269964 0.080910 0.041291
1 0.508203 0.237840 0.081359 0.041099
1 0.507095 0.304422 0.068173 0.036526
1 0.510891 0.380662 0.087856 0.046247
1 0.511824 0.211907 0.083065 0.037306
1 0.523108 0.181655 0.091340 0.038182
1 0.525438 0.143960 0.098094 0.037478
1 0.636193 0.803124 0.087026 0.048941
1 0.643767 0.771772 0.094656 0.044439
1 0.646115 0.734132 0.093749 0.046149
1 0.642538 0.694510 0.094124 0.042049
1 0.640036 0.659693 0.089509 0.049059
1 0.630759 0.618337 0.093979 0.045178
1 0.614345 0.577543 0.081008 0.036838
1 0.609512 0.545897 0.081838 0.050276
1 0.597741 0.502771 0.078010 0.048756
1 0.602760 0.470735 0.090013 0.049191
1 0.591873 0.432394 0.074665 0.041971
1 0.592646 0.401558 0.077025 0.041603
1 0.583615 0.365536 0.071553 0.038942
1 0.584846 0.333493 0.081608 0.049977
1 0.589969 0.299541 0.089309 0.038503
1 0.592278 0.270480 0.081700 0.038163
1 0.588459 0.238447 0.082195 0.049157
1 0.586682 0.209116 0.071957 0.035923
1 0.589051 0.180045 0.071283 0.035308
1 0.604992 0.139055 0.075457 0.039276
1 0.654237 0.249918 0.084853 0.035280
1 0.658507 0.216745 0.068505 0.032668
1 0.664720 0.194940 0.080333 0.034594
1 0.670023 0.159619 0.074470 0.042537
1 0.659350 0.281828 0.081762 0.035438
1 0.650399 0.308856 0.065289 0.040831
1 0.611779 0.168047 0.082610 0.029262
1 0.649505 0.335757 0.073733 0.041389
1 0.666792 0.382587 0.078402 0.045904
1 0.667188 0.414113 0.090936 0.040328
1 0.669269 0.446244 0.081026 0.042896
1 0.673607 0.483276 0.085218 0.052238
1 0.677334 0.515539 0.084559 0.041528
1 0.687486 0.552888 0.081233 0.045549
1 0.699977 0.588029 0.072834 0.041406
1 0.707973 0.626017 0.076160 0.042634
1 0.715312 0.668603 0.074311 0.052587
1 0.717606 0.704327 0.079019 0.046131
1 0.727542 0.746122 0.077521 0.044878
1 0.734161 0.790222 0.093931 0.050811
1 0.722933 0.820799 0.066433 0.035130
1 0.783520 0.741771 0.068728 0.046796
1 0.784361 0.701910 0.070832 0.041571
1 0.784728 0.669683 0.077185 0.034736
1 0.781049 0.630803 0.073407 0.038966
1 0.771106 0.592957 0.076217 0.037511
1 0.760504 0.554389 0.075890 0.045270
1 0.754004 0.525705 0.067469 0.037664
1 0.747387 0.493728 0.075866 0.033333
1 0.742233 0.458429 0.076703 0.038964
1 0.742531 0.429693 0.072424 0.036075
1 0.732927 0.390082 0.079696 0.060766
1 0.731570 0.366131 0.075971 0.052396
1 0.721704 0.331231 0.081217 0.057713
1 0.730367 0.308024 0.070412 0.036614
1 0.726551 0.277641 0.079688 0.038702
1 0.726151 0.241198 0.070509 0.036748
1 0.724220 0.154698 0.078287 0.069248
1 0.728315 0.205693 0.072506 0.049542
