0 0.663649 0.525931 0.131242 0.108903
0 0.634892 0.589236 0.127661 0.118887
0 0.596083 0.661622 0.136560 0.119476
0 0.547395 0.725268 0.130828 0.111761
0 0.476437 0.766967 0.189171 0.115278
0 0.401782 0.779205 0.163790 0.101971
0 0.297991 0.760569 0.151826 0.096833
0 0.210413 0.724970 0.135140 0.096439
0 0.159693 0.668505 0.129857 0.133685
0 0.108917 0.503751 0.131549 0.135308
0 0.137571 0.589802 0.105036 0.140138
0 0.091658 0.429783 0.143118 0.142545
0 0.091865 0.333757 0.133822 0.150400
0 0.147013 0.281675 0.156062 0.109491
0 0.244547 0.281241 0.191590 0.108597
0 0.374343 0.312356 0.223381 0.116648
0 0.488180 0.344980 0.226386 0.112031
