0 0.655815 0.813448 0.035288 0.043355
0 0.703601 0.786626 0.055873 0.044090
0 0.750284 0.766051 0.047786 0.048499
0 0.617586 0.820429 0.052932 0.036742
0 0.783735 0.762377 0.055873 0.030863
0 0.824904 0.767153 0.049992 0.036007
0 0.872879 0.764875 0.055616 0.042474
2 0.585339 0.750975 0.055794 0.114449
2 0.639571 0.749134 0.055348 0.111884
2 0.542712 0.766484 0.050884 0.125369
2 0.688893 0.726107 0.056687 0.105292
2 0.732190 0.707369 0.046867 0.108861
2 0.777048 0.689746 0.044635 0.103061
2 0.827933 0.691530 0.048206 0.113769
2 0.867881 0.703130 0.054009 0.101277
2 0.696481 0.641338 0.050438 0.110646
2 0.650953 0.650261 0.049545 0.119569
2 0.603640 0.665207 0.048653 0.138753
2 0.553425 0.663556 0.048206 0.125995
2 0.509682 0.695099 0.040172 0.114661
2 0.747589 0.624161 0.053563 0.122692
2 0.800259 0.608992 0.047314 0.122692
2 0.851366 0.614346 0.048653 0.112877
2 0.658092 0.551891 0.060258 0.124030
2 0.614795 0.566168 0.059365 0.133846
2 0.559671 0.580221 0.071417 0.132507
2 0.708084 0.539622 0.059365 0.122692
2 0.759414 0.531368 0.058472 0.124923
2 0.812977 0.519768 0.056687 0.118677
2 0.858951 0.504376 0.062043 0.111984
2 0.623499 0.468460 0.053563 0.124030
2 0.677062 0.460876 0.049099 0.113323
2 0.730848 0.444814 0.050438 0.131169
2 0.777269 0.437453 0.051331 0.121800
2 0.831724 0.427637 0.046867 0.116446
2 0.576409 0.482960 0.045082 0.121800
2 0.524855 0.476491 0.044635 0.129384
2 0.697036 0.355506 0.064721 0.129830
2 0.643697 0.361752 0.066953 0.125369
2 0.588572 0.374021 0.067400 0.139200
2 0.537465 0.389413 0.056241 0.112877
2 0.735423 0.338329 0.061151 0.119569
2 0.784375 0.329688 0.050000 0.125000
2 0.832282 0.316467 0.057580 0.109753
2 0.496826 0.365981 0.044635 0.137861
2 0.531428 0.272139 0.078558 0.125815
2 0.581420 0.275263 0.079451 0.141876
2 0.620029 0.268124 0.072756 0.138307
2 0.664665 0.265235 0.070970 0.144086
2 0.705953 0.255409 0.061597 0.128938
2 0.746348 0.245147 0.070970 0.135184
2 0.783618 0.233324 0.066060 0.127600
2 0.465833 0.291324 0.051816 0.098154
