0 0.483535 0.706394 0.023795 0.012875
0 0.465319 0.704986 0.025358 0.015691
0 0.502790 0.707400 0.020603 0.012472
0 0.449697 0.705388 0.022641 0.016495
0 0.431244 0.704181 0.026490 0.018909
0 0.408801 0.698917 0.025056 0.015825
0 0.394613 0.697584 0.022339 0.016881
0 0.377858 0.693687 0.020830 0.013411
0 0.365556 0.693493 0.021585 0.012725
0 0.349722 0.692615 0.022286 0.016361
0 0.333017 0.694627 0.018264 0.009119
0 0.319659 0.696378 0.021736 0.010443
0 0.301546 0.697845 0.023849 0.012338
2 0.319404 0.640686 0.017619 0.042720
2 0.333565 0.640832 0.017290 0.043598
2 0.304091 0.641125 0.015314 0.041257
2 0.310924 0.674627 0.016796 0.036283
2 0.341249 0.672790 0.017320 0.034600
2 0.326193 0.673293 0.018000 0.037215
2 0.355853 0.671080 0.017547 0.031985
2 0.371192 0.674097 0.018113 0.032790
2 0.387381 0.674399 0.017887 0.028968
2 0.295677 0.675649 0.019132 0.031382
2 0.290186 0.647888 0.015396 0.037416
2 0.348091 0.642255 0.016868 0.045061
2 0.363147 0.643161 0.015962 0.040434
2 0.377638 0.645172 0.018453 0.044055
2 0.342827 0.611075 0.016075 0.040233
2 0.312601 0.610170 0.015396 0.042043
2 0.328620 0.610270 0.012566 0.039428
2 0.299243 0.611176 0.015849 0.042446
2 0.287017 0.609868 0.013358 0.037014
2 0.358280 0.613489 0.013471 0.039428
2 0.374321 0.617150 0.015851 0.039452
2 0.390330 0.618414 0.013358 0.040233
2 0.394689 0.648086 0.019585 0.044457
2 0.404141 0.678864 0.017887 0.036008
2 0.410764 0.651908 0.019358 0.045664
2 0.421518 0.680171 0.020490 0.040233
2 0.428311 0.654523 0.018000 0.043653
2 0.445122 0.657339 0.019019 0.043653
2 0.440367 0.683591 0.018566 0.036612
2 0.458763 0.658747 0.020717 0.041641
2 0.456159 0.686810 0.016868 0.031784
2 0.471442 0.686609 0.015283 0.034198
2 0.477396 0.659259 0.020377 0.044055
2 0.486849 0.689132 0.018000 0.034600
2 0.504792 0.691244 0.017660 0.029571
2 0.490698 0.662981 0.019132 0.043451
2 0.507735 0.664892 0.017207 0.036411
2 0.501056 0.634013 0.012226 0.047072
2 0.515829 0.633712 0.011887 0.047676
2 0.521829 0.664389 0.013924 0.032186
2 0.486226 0.629688 0.014490 0.046066
2 0.470562 0.631643 0.014493 0.039452
2 0.454755 0.628381 0.015170 0.037416
2 0.439246 0.626268 0.014264 0.038020
2 0.423114 0.625766 0.013698 0.033795
2 0.406061 0.621238 0.015396 0.037618
2 0.304845 0.575750 0.014490 0.049687
2 0.318770 0.577661 0.016528 0.045061
2 0.333713 0.580276 0.018792 0.047475
2 0.349052 0.582790 0.018453 0.041641
2 0.382346 0.587209 0.018453 0.049889
2 0.365365 0.586203 0.019132 0.045865
2 0.399101 0.587108 0.019358 0.045262
2 0.414440 0.591131 0.018566 0.052504
2 0.431421 0.595859 0.019471 0.049486
2 0.446520 0.595652 0.018226 0.047273
2 0.461293 0.599776 0.019471 0.051900
2 0.477934 0.600580 0.020830 0.047877
2 0.494519 0.598770 0.018000 0.044256
2 0.507699 0.600242 0.015399 0.044283
2 0.522871 0.601852 0.014946 0.047504
2 0.490161 0.565578 0.013358 0.052303
2 0.473802 0.567992 0.014830 0.041842
2 0.505160 0.564773 0.013245 0.049889
2 0.518802 0.559141 0.011094 0.051096
2 0.457953 0.564874 0.013019 0.035204
2 0.441312 0.562560 0.015736 0.043451
2 0.425000 0.559785 0.016075 0.045463
2 0.408415 0.557773 0.015283 0.037014
2 0.392510 0.555259 0.014038 0.041239
2 0.376265 0.551839 0.013471 0.043653
2 0.360472 0.552946 0.014717 0.045061
2 0.344045 0.548721 0.015283 0.046268
2 0.328140 0.546005 0.014038 0.047273
2 0.312348 0.542485 0.015056 0.047877
2 0.290612 0.573967 0.016188 0.038422
2 0.296499 0.537758 0.015509 0.043653
2 0.295364 0.506208 0.022981 0.053308
2 0.313817 0.512042 0.021169 0.052906
2 0.333571 0.514355 0.020377 0.054314
2 0.350770 0.519324 0.022192 0.049919
2 0.365054 0.520790 0.024566 0.053308
2 0.382318 0.521896 0.025358 0.053510
2 0.398054 0.520186 0.022188 0.052101
2 0.414181 0.522499 0.021161 0.050291
2 0.430480 0.526973 0.020380 0.049114
2 0.446223 0.530647 0.022302 0.053711
2 0.461603 0.530799 0.025018 0.049889
2 0.477129 0.532206 0.021286 0.051530
2 0.495055 0.529592 0.023547 0.051900
2 0.509885 0.524865 0.024000 0.046066
