0 0.534172 0.680357 0.122510 0.071831
0 0.610008 0.675152 0.149975 0.053092
0 0.442685 0.662204 0.126541 0.060900
0 0.360016 0.662595 0.127845 0.049188
0 0.305469 0.666406 0.114062 0.051562
0 0.706704 0.674697 0.153100 0.059338
0 0.808250 0.674059 0.128104 0.052806
0 0.885971 0.662595 0.172628 0.044504
0 0.944673 0.647962 0.110653 0.039038
0 0.252047 0.670995 0.100765 0.047627
1 0.232519 0.497274 0.113262 0.320114
1 0.313817 0.501568 0.130569 0.281857
1 0.398898 0.506643 0.132009 0.279514
1 0.491830 0.501568 0.147590 0.284980
1 0.576469 0.501162 0.149194 0.294349
1 0.657667 0.507799 0.130369 0.287322
1 0.747894 0.517558 0.145227 0.280295
1 0.838535 0.515606 0.146851 0.279514
1 0.920312 0.499219 0.150000 0.292187
