0 0.582535 0.398421 0.073424 0.085314
0 0.528291 0.381209 0.080626 0.074061
0 0.466444 0.370281 0.083615 0.075684
0 0.404864 0.368271 0.100310 0.072548
0 0.350943 0.368996 0.094453 0.079732
0 0.638544 0.402578 0.078443 0.091809
0 0.279424 0.383426 0.091242 0.060142
1 0.561757 0.539700 0.092771 0.274188
1 0.505994 0.540881 0.069687 0.253594
1 0.459266 0.538238 0.075905 0.258489
1 0.397133 0.539175 0.084860 0.269829
1 0.346255 0.537620 0.079351 0.278773
1 0.613524 0.573169 0.068950 0.254397
1 0.308065 0.526723 0.078761 0.238292
