0 0.578679 0.651661 0.032274 0.027505
0 0.510852 0.656635 0.030928 0.025749
0 0.527634 0.654294 0.035567 0.028090
0 0.550357 0.656157 0.040178 0.026705
0 0.605212 0.650889 0.035194 0.022025
0 0.633841 0.655757 0.045776 0.029845
0 0.661999 0.656342 0.063889 0.035697
0 0.694273 0.657805 0.055985 0.026919
0 0.485960 0.659420 0.038043 0.025765
0 0.461408 0.657805 0.034970 0.024579
0 0.437892 0.665120 0.041166 0.027505
0 0.411881 0.666876 0.043789 0.026334
0 0.388493 0.665120 0.041824 0.032186
0 0.358854 0.658391 0.040507 0.032771
0 0.725714 0.650490 0.033280 0.031016
2 0.489805 0.601716 0.025637 0.089131
2 0.464308 0.607163 0.026473 0.080218
2 0.514467 0.596269 0.029817 0.091112
2 0.544005 0.599488 0.033161 0.081703
2 0.572986 0.597259 0.033161 0.090121
2 0.601270 0.594783 0.030095 0.092102
2 0.619382 0.594041 0.045700 0.099530
2 0.649339 0.594288 0.044864 0.096063
2 0.686122 0.595031 0.029259 0.090616
2 0.709390 0.596764 0.036226 0.094083
2 0.437798 0.607485 0.026988 0.091731
2 0.408727 0.617623 0.031879 0.083040
2 0.379112 0.608289 0.028075 0.090765
2 0.356099 0.605027 0.024271 0.071453
2 0.393140 0.555621 0.028075 0.109111
2 0.417683 0.554495 0.023909 0.088190
2 0.444580 0.548701 0.029524 0.084972
2 0.470120 0.541298 0.031698 0.086259
2 0.499350 0.537676 0.026264 0.082718
2 0.529780 0.537354 0.035682 0.089156
2 0.558424 0.535829 0.033514 0.090982
2 0.589009 0.531399 0.029886 0.083684
2 0.429533 0.490406 0.024801 0.087646
2 0.458654 0.485949 0.023965 0.075761
2 0.485962 0.485454 0.026194 0.075761
2 0.515361 0.478521 0.029259 0.086655
2 0.401807 0.501299 0.027309 0.071800
2 0.547128 0.477283 0.029817 0.081208
2 0.576945 0.477531 0.028145 0.081703
2 0.367458 0.505793 0.024634 0.075316
2 0.406039 0.446892 0.038037 0.083684
2 0.437193 0.437558 0.031516 0.083040
2 0.467985 0.429512 0.033690 0.086259
2 0.498777 0.429834 0.031516 0.086903
2 0.528664 0.430799 0.030430 0.096559
2 0.558369 0.425006 0.032603 0.075959
2 0.586068 0.421143 0.033662 0.077247
2 0.376515 0.451720 0.031154 0.072741
2 0.615018 0.421355 0.034947 0.078004
2 0.606174 0.475882 0.027489 0.076490
2 0.617788 0.530220 0.029407 0.084441
2 0.633877 0.475213 0.027489 0.077829
2 0.646129 0.531167 0.031112 0.087092
2 0.660407 0.471528 0.029407 0.082169
2 0.692371 0.478344 0.026424 0.076111
2 0.705476 0.534385 0.035587 0.085956
2 0.721884 0.474746 0.025784 0.078004
2 0.705902 0.421923 0.033456 0.080655
2 0.695993 0.362095 0.046028 0.076111
2 0.667545 0.364935 0.044110 0.081791
2 0.676069 0.418136 0.032603 0.088228
2 0.643253 0.420242 0.028341 0.078715
2 0.637499 0.367017 0.038996 0.080655
2 0.609051 0.368153 0.045176 0.081412
2 0.675220 0.532777 0.034521 0.087814
2 0.348499 0.461778 0.031751 0.081033
2 0.722808 0.367177 0.040883 0.061154
2 0.577988 0.368202 0.043471 0.072189
2 0.546875 0.370370 0.041214 0.075684
2 0.522615 0.369581 0.048646 0.080466
2 0.489235 0.371650 0.041918 0.075408
2 0.461419 0.376708 0.039590 0.082764
2 0.429708 0.381538 0.037778 0.073109
2 0.400469 0.390734 0.040366 0.076787
2 0.372911 0.395792 0.040625 0.076787
2 0.345871 0.399930 0.041401 0.080465
