0 0.582672 0.772713 0.055300 0.015466
0 0.533807 0.773790 0.052002 0.021554
0 0.637552 0.770250 0.056773 0.024153
0 0.674912 0.771654 0.058882 0.017483
0 0.720293 0.775165 0.050281 0.019911
0 0.764543 0.779497 0.052665 0.025885
0 0.818794 0.782509 0.059283 0.017026
0 0.479716 0.774364 0.058712 0.018074
0 0.434707 0.776475 0.049423 0.016603
0 0.383348 0.775780 0.055355 0.016467
1 0.704258 0.616687 0.074841 0.065822
1 0.647352 0.612222 0.074156 0.066286
1 0.599607 0.604749 0.064668 0.074989
1 0.540408 0.608366 0.071376 0.070549
1 0.486614 0.608452 0.069339 0.067125
1 0.431614 0.612262 0.063864 0.073206
1 0.379045 0.606260 0.068039 0.069023
1 0.320458 0.607768 0.061260 0.071084
1 0.262865 0.591037 0.059195 0.063527
1 0.508071 0.672363 0.075091 0.073101
1 0.459765 0.673154 0.063799 0.076425
1 0.400394 0.671599 0.064715 0.080620
1 0.751873 0.622091 0.065392 0.086397
1 0.611965 0.668365 0.076197 0.073095
1 0.563574 0.668295 0.067715 0.077023
1 0.564387 0.732527 0.095493 0.064430
1 0.513828 0.735593 0.078634 0.062374
1 0.460791 0.737517 0.081501 0.060558
1 0.348348 0.669427 0.058678 0.076736
1 0.281899 0.659369 0.074868 0.087558
1 0.323646 0.751853 0.075697 0.079751
1 0.414169 0.738211 0.077762 0.060963
1 0.359792 0.734424 0.075879 0.060985
1 0.618342 0.726584 0.070789 0.069373
1 0.671053 0.730364 0.059111 0.073047
1 0.717659 0.727533 0.057198 0.083714
1 0.763355 0.732711 0.059459 0.085705
1 0.809036 0.735949 0.053810 0.079119
1 0.856124 0.744084 0.055246 0.091512
1 0.897836 0.751067 0.059789 0.080637
1 0.950412 0.753215 0.071555 0.094111
1 0.989928 0.748747 0.020144 0.088964
1 0.804084 0.614039 0.053072 0.085335
1 0.778096 0.673873 0.050893 0.062187
1 0.730077 0.676695 0.040098 0.056736
1 0.677744 0.666095 0.051192 0.066786
1 0.832444 0.676821 0.050885 0.084418
1 0.886283 0.679391 0.054740 0.068105
1 0.934599 0.679204 0.054292 0.074299
1 0.978470 0.683721 0.043059 0.074273
1 0.855432 0.622093 0.063841 0.074166
1 0.908273 0.623388 0.068726 0.068980
1 0.959067 0.626073 0.074194 0.081198
1 0.862988 0.557337 0.064188 0.062724
1 0.910607 0.558413 0.077484 0.064648
1 0.964359 0.554103 0.065443 0.070444
1 0.985514 0.574781 0.028973 0.048251
1 0.816202 0.558231 0.052145 0.062507
1 0.762939 0.555365 0.066543 0.068197
1 0.706761 0.554883 0.064308 0.070563
1 0.653746 0.546986 0.060035 0.068953
1 0.598204 0.543604 0.064135 0.068294
1 0.545639 0.549934 0.061142 0.058210
1 0.490416 0.543136 0.071478 0.069899
1 0.440190 0.544891 0.061195 0.067701
1 0.381140 0.547729 0.065700 0.063840
1 0.985073 0.488649 0.029854 0.079569
1 0.949202 0.493184 0.065343 0.075010
1 0.896134 0.493113 0.073222 0.072082
1 0.843736 0.492588 0.074694 0.074244
1 0.794765 0.491573 0.069877 0.074856
1 0.734882 0.488884 0.069138 0.067459
1 0.688249 0.490319 0.051440 0.065007
1 0.638084 0.492028 0.054245 0.066797
1 0.582345 0.492772 0.057724 0.061305
1 0.515647 0.481478 0.081292 0.084520
1 0.470237 0.486420 0.053418 0.057414
1 0.418815 0.484354 0.071221 0.065014
1 0.353037 0.483223 0.067591 0.060828
1 0.293419 0.483998 0.074309 0.063288
1 0.409931 0.423102 0.073973 0.066886
1 0.348180 0.421258 0.079272 0.073332
1 0.463241 0.424632 0.074226 0.075772
1 0.519591 0.416425 0.071932 0.060772
1 0.574679 0.413168 0.066153 0.070983
1 0.626900 0.427353 0.065465 0.072483
1 0.681703 0.426465 0.072140 0.070401
1 0.730800 0.420703 0.057727 0.086822
1 0.289572 0.419835 0.082320 0.073874
1 0.788065 0.424887 0.069614 0.070187
1 0.840527 0.425862 0.069273 0.069743
1 0.892564 0.425523 0.072483 0.063268
1 0.944373 0.427416 0.057026 0.061837
1 0.980671 0.413661 0.038657 0.061857
1 0.978108 0.353725 0.043785 0.078602
1 0.930650 0.371897 0.052694 0.082957
1 0.877865 0.370406 0.046675 0.073027
1 0.833085 0.363216 0.071682 0.065998
1 0.708957 0.353692 0.059415 0.072171
1 0.662505 0.361761 0.053530 0.071204
1 0.612240 0.361923 0.053959 0.064183
1 0.554380 0.359362 0.061938 0.064226
1 0.497231 0.356405 0.053414 0.059844
1 0.441932 0.356777 0.054418 0.063751
1 0.388724 0.357049 0.062352 0.070340
1 0.329017 0.353925 0.069071 0.066113
1 0.275211 0.349207 0.056139 0.062920
1 0.222334 0.354117 0.071592 0.066231
1 0.319508 0.281638 0.074114 0.077755
1 0.262015 0.279713 0.077459 0.081144
1 0.207725 0.270900 0.062911 0.090008
1 0.374987 0.279003 0.068515 0.092581
1 0.434236 0.280598 0.070696 0.095980
1 0.490505 0.286623 0.060307 0.089813
1 0.543789 0.285443 0.070504 0.096384
1 0.660667 0.285277 0.071903 0.106806
1 0.722205 0.279861 0.066982 0.080519
1 0.781099 0.282419 0.069325 0.078714
1 0.827971 0.283131 0.050897 0.079980
1 0.876120 0.283482 0.065054 0.081652
1 0.924119 0.287424 0.063625 0.085728
1 0.972527 0.288765 0.054946 0.086752
1 0.970988 0.207055 0.058023 0.082606
1 0.905298 0.210525 0.063221 0.077400
1 0.851163 0.218336 0.056778 0.086694
1 0.800135 0.219742 0.065634 0.081421
1 0.746493 0.222904 0.069627 0.074527
1 0.313555 0.539751 0.093584 0.061977
1 0.248654 0.533070 0.059618 0.064072
1 0.228615 0.456987 0.076976 0.098904
1 0.761704 0.360797 0.074811 0.087882
1 0.469183 0.212481 0.073609 0.080788
1 0.583926 0.224602 0.047351 0.067033
1 0.642293 0.222611 0.077562 0.078385
1 0.603196 0.289184 0.061170 0.063863
1 0.696322 0.218047 0.063272 0.066532
1 0.410010 0.213503 0.061668 0.078353
1 0.361035 0.214278 0.053071 0.069743
1 0.293467 0.199311 0.075285 0.080256
1 0.234983 0.194281 0.077391 0.079322
1 0.312443 0.123323 0.055947 0.098440
1 0.258494 0.119008 0.070273 0.083813
1 0.361579 0.128193 0.065054 0.102149
1 0.412047 0.132358 0.060985 0.108790
1 0.467481 0.127041 0.078579 0.092703
1 0.524048 0.212890 0.071136 0.073811
1 0.528326 0.132360 0.074143 0.089673
1 0.573319 0.134797 0.077248 0.099022
1 0.631336 0.143659 0.078145 0.091087
1 0.693608 0.139010 0.057845 0.085763
1 0.732051 0.134113 0.078857 0.103605
1 0.786145 0.132024 0.089413 0.096308
1 0.835011 0.131049 0.111239 0.092460
1 0.889634 0.123902 0.116895 0.089413
