0 0.642324 0.736033 0.015614 0.023968
0 0.641182 0.749312 0.018163 0.026238
0 0.642981 0.720182 0.016252 0.021256
0 0.642640 0.706947 0.014383 0.021055
0 0.642023 0.695701 0.017267 0.024582
0 0.643193 0.677694 0.015452 0.023716
0 0.651600 0.648857 0.018816 0.018457
0 0.646364 0.663782 0.016040 0.018850
0 0.651536 0.639235 0.016909 0.026686
0 0.655006 0.618977 0.022427 0.029796
0 0.656076 0.602417 0.015069 0.028759
0 0.655221 0.585346 0.014032 0.022679
0 0.654240 0.571036 0.013552 0.022060
0 0.655391 0.557291 0.011558 0.023499
0 0.654772 0.540274 0.007275 0.018796
2 0.618482 0.686736 0.033842 0.016561
2 0.615935 0.700625 0.034721 0.016687
2 0.614685 0.713922 0.036165 0.015809
2 0.615579 0.729590 0.034137 0.017941
2 0.616770 0.742659 0.034455 0.017178
2 0.618240 0.673308 0.029572 0.015422
2 0.621338 0.660541 0.033162 0.019229
2 0.627471 0.642753 0.033646 0.016938
2 0.627235 0.627553 0.033807 0.018042
2 0.629377 0.609559 0.036146 0.021201
2 0.629009 0.592541 0.036751 0.014088
2 0.630036 0.578982 0.032330 0.013643
2 0.629603 0.564015 0.034299 0.012618
2 0.631113 0.549647 0.033329 0.016824
2 0.634320 0.531967 0.030325 0.019559
2 0.594390 0.646050 0.044609 0.018567
2 0.590873 0.662023 0.043885 0.017776
2 0.588792 0.676692 0.041966 0.016343
2 0.587445 0.690449 0.040994 0.015468
2 0.585462 0.704701 0.043259 0.017701
2 0.584722 0.719112 0.042479 0.017351
2 0.597119 0.631660 0.052802 0.018442
2 0.598341 0.616920 0.042137 0.017667
2 0.601169 0.599356 0.042954 0.017692
2 0.599984 0.583808 0.039826 0.015518
2 0.599676 0.569052 0.041317 0.015377
2 0.602335 0.554300 0.044281 0.019544
2 0.603679 0.539213 0.037611 0.015921
2 0.608905 0.523646 0.038695 0.022388
2 0.573781 0.526001 0.047714 0.018102
2 0.573950 0.542004 0.045208 0.014978
2 0.571372 0.557455 0.041096 0.014539
2 0.566139 0.569534 0.046528 0.015867
2 0.563341 0.587059 0.049463 0.015342
2 0.564741 0.602412 0.047225 0.014967
2 0.565048 0.618214 0.037012 0.015365
2 0.563264 0.633855 0.042914 0.014486
2 0.559185 0.649522 0.046426 0.013264
2 0.558233 0.664595 0.048655 0.015148
2 0.555164 0.679817 0.051817 0.012767
2 0.554267 0.693777 0.044880 0.013574
2 0.552434 0.708037 0.046001 0.012410
2 0.549025 0.722358 0.047590 0.012111
2 0.550297 0.737396 0.046305 0.014605
2 0.584112 0.733373 0.051579 0.017566
2 0.585345 0.748481 0.043188 0.018749
2 0.541398 0.753070 0.045614 0.014997
2 0.519017 0.743935 0.038392 0.015617
2 0.521822 0.730359 0.036674 0.015302
2 0.523080 0.716062 0.046614 0.016409
2 0.521108 0.701429 0.048831 0.020118
2 0.524037 0.686160 0.046916 0.017349
2 0.526992 0.671020 0.045785 0.018456
2 0.526944 0.654873 0.048949 0.018391
2 0.527668 0.639387 0.047799 0.021271
2 0.531235 0.622365 0.050608 0.021154
2 0.534911 0.606660 0.049521 0.021634
2 0.535559 0.590984 0.048059 0.019257
2 0.536949 0.578059 0.047747 0.015758
2 0.538866 0.561330 0.049000 0.017355
2 0.540328 0.545614 0.046304 0.019181
2 0.544707 0.531586 0.044663 0.017150
2 0.543110 0.517420 0.040254 0.017244
2 0.505171 0.546936 0.054488 0.015289
2 0.505328 0.562752 0.048461 0.015406
2 0.502643 0.578325 0.042287 0.015037
2 0.497804 0.594943 0.047649 0.015752
2 0.495994 0.611520 0.050109 0.015962
2 0.509591 0.531599 0.046863 0.014585
2 0.507279 0.516604 0.055084 0.016364
2 0.503392 0.503175 0.042280 0.015440
2 0.495331 0.626515 0.045446 0.014640
2 0.493342 0.642641 0.046054 0.013925
2 0.491161 0.657729 0.045533 0.013907
2 0.489262 0.673914 0.050488 0.014786
2 0.485494 0.689680 0.055721 0.016490
2 0.484301 0.704607 0.050777 0.012883
2 0.485450 0.720629 0.047786 0.015576
2 0.479980 0.734330 0.045988 0.014727
2 0.477162 0.751593 0.038498 0.018122
2 0.445990 0.733377 0.053538 0.020831
2 0.445121 0.714175 0.056343 0.020849
2 0.446284 0.698630 0.054986 0.019048
2 0.452035 0.682672 0.057561 0.021540
2 0.455051 0.666974 0.055883 0.021061
2 0.456097 0.650426 0.055878 0.021061
2 0.457113 0.633562 0.054323 0.022801
2 0.460331 0.617060 0.054302 0.021487
2 0.462983 0.602011 0.049230 0.021183
2 0.466563 0.585239 0.056546 0.019493
2 0.465623 0.569294 0.054916 0.020400
2 0.467286 0.554063 0.054211 0.021501
2 0.468015 0.536684 0.053331 0.019992
2 0.469869 0.521202 0.052994 0.023310
2 0.465657 0.506159 0.045377 0.020418
