0 0.642223 0.688682 0.015874 0.010069
0 0.628220 0.684713 0.021339 0.014358
0 0.653194 0.688804 0.017850 0.012278
0 0.614494 0.684586 0.016120 0.011492
0 0.590042 0.684353 0.014709 0.008045
0 0.573442 0.683585 0.018657 0.007712
0 0.556046 0.681085 0.015129 0.011404
0 0.665718 0.692398 0.015885 0.011584
0 0.680847 0.697776 0.019420 0.010947
0 0.602150 0.683678 0.013072 0.009684
1 0.650800 0.660819 0.015371 0.045697
1 0.667187 0.667382 0.014768 0.048029
1 0.684082 0.670841 0.019845 0.047732
1 0.635299 0.660693 0.017611 0.046590
1 0.619002 0.657201 0.019816 0.047363
1 0.604969 0.656770 0.018716 0.042717
1 0.591027 0.657008 0.017131 0.050483
1 0.576645 0.656482 0.017005 0.045652
1 0.562170 0.654905 0.016186 0.049126
1 0.600180 0.615085 0.020312 0.050676
1 0.616489 0.615570 0.017252 0.051534
1 0.631603 0.618191 0.017457 0.048608
1 0.645699 0.622292 0.018614 0.049018
1 0.661230 0.626750 0.017793 0.051007
1 0.675100 0.629983 0.018764 0.049598
1 0.690065 0.634917 0.014772 0.049841
1 0.587512 0.618575 0.019606 0.053051
1 0.571427 0.620734 0.020041 0.048259
1 0.558719 0.616009 0.020284 0.054244
1 0.662329 0.580345 0.017548 0.056520
1 0.676369 0.584932 0.012799 0.053708
1 0.689568 0.587084 0.014228 0.060506
1 0.617989 0.578502 0.016601 0.056124
1 0.633112 0.578104 0.015635 0.050775
1 0.648540 0.578874 0.015863 0.056941
1 0.603850 0.574149 0.017003 0.058649
1 0.587943 0.572184 0.019477 0.064189
1 0.572574 0.572797 0.015839 0.063524
1 0.558549 0.571640 0.015102 0.064109
1 0.705223 0.588864 0.017420 0.060899
1 0.716197 0.536930 0.025077 0.063075
1 0.699770 0.536801 0.020160 0.063673
1 0.685741 0.540701 0.019488 0.061303
1 0.670797 0.540618 0.018972 0.058242
1 0.655050 0.536884 0.019210 0.062812
1 0.639759 0.535002 0.017326 0.058409
1 0.624288 0.532806 0.014723 0.057035
1 0.607665 0.532288 0.015514 0.052914
1 0.593021 0.529700 0.015623 0.058986
1 0.579153 0.526907 0.017630 0.057949
1 0.564809 0.529693 0.014104 0.061915
1 0.690637 0.493096 0.022284 0.064666
1 0.706559 0.492018 0.022341 0.067525
1 0.673462 0.490447 0.022297 0.060207
1 0.657803 0.489330 0.021691 0.063734
1 0.641270 0.488031 0.025592 0.060949
1 0.624311 0.489455 0.019680 0.060585
1 0.607725 0.485341 0.023480 0.061716
1 0.590853 0.480684 0.021498 0.061924
1 0.572347 0.475640 0.021400 0.063147
1 0.721475 0.491141 0.023692 0.055113
