0 0.808562 0.346863 0.085663 0.055551
0 0.333218 0.208702 0.066733 0.041219
0 0.388929 0.224236 0.052511 0.040450
0 0.423765 0.226626 0.050696 0.036640
0 0.466843 0.238491 0.062139 0.031341
0 0.511715 0.250823 0.083941 0.031376
0 0.567245 0.264055 0.062422 0.028562
0 0.616952 0.281365 0.068828 0.044637
0 0.675687 0.298414 0.056053 0.024544
0 0.733213 0.319675 0.072298 0.050928
3 0.514414 0.418856 0.060241 0.098999
3 0.423814 0.391017 0.059396 0.072527
3 0.381166 0.371858 0.047669 0.063915
3 0.326921 0.354029 0.049789 0.064410
3 0.279920 0.347331 0.049253 0.067893
3 0.234627 0.340835 0.059322 0.068848
3 0.560154 0.413948 0.047289 0.056165
3 0.612950 0.424522 0.055669 0.074537
3 0.656277 0.450183 0.050973 0.063640
3 0.701137 0.459057 0.054359 0.062070
3 0.750007 0.471714 0.054834 0.067543
3 0.796750 0.496293 0.056636 0.066471
3 0.711877 0.365971 0.040632 0.067312
3 0.670525 0.352356 0.043560 0.071218
3 0.626373 0.332021 0.055196 0.074135
3 0.581388 0.312485 0.054923 0.057749
3 0.530134 0.305229 0.058972 0.062843
3 0.487194 0.297544 0.050314 0.072888
3 0.434694 0.278276 0.059594 0.053032
3 0.384465 0.266330 0.052872 0.066543
3 0.335735 0.261207 0.057165 0.067542
3 0.284731 0.248021 0.043224 0.058374
3 0.233243 0.244653 0.049971 0.058419
3 0.751089 0.380223 0.043565 0.076732
3 0.793836 0.403728 0.058897 0.073568
3 0.495430 0.346626 0.050933 0.065344
3 0.381796 0.327785 0.057916 0.058377
3 0.335060 0.318638 0.060350 0.056500
3 0.292855 0.299176 0.055409 0.064607
3 0.240789 0.294738 0.057078 0.048199
3 0.437996 0.332462 0.058906 0.056970
3 0.534543 0.364741 0.058629 0.049218
3 0.577699 0.373525 0.048355 0.059263
3 0.625439 0.385225 0.050351 0.055478
3 0.672055 0.397829 0.053650 0.051411
3 0.718281 0.414366 0.056417 0.043599
3 0.762249 0.438606 0.046953 0.052150
3 0.808273 0.459865 0.048641 0.047880
3 0.803883 0.552385 0.056201 0.057216
3 0.754080 0.534916 0.057269 0.060670
3 0.708194 0.519775 0.053281 0.061141
3 0.657560 0.509010 0.049488 0.055833
3 0.610655 0.486996 0.050470 0.069131
3 0.565636 0.470792 0.053259 0.066494
3 0.517243 0.461887 0.055314 0.080647
3 0.471294 0.451067 0.059228 0.068573
3 0.461951 0.413968 0.069875 0.095454
3 0.419125 0.435646 0.041609 0.065366
3 0.375837 0.429062 0.041738 0.072667
3 0.332227 0.413115 0.057465 0.086599
3 0.285629 0.405571 0.047361 0.069992
3 0.237409 0.400564 0.051471 0.066872
3 0.179233 0.446996 0.042208 0.078683
3 0.189764 0.352597 0.041540 0.080575
3 0.220744 0.457351 0.050720 0.075685
3 0.265593 0.457321 0.056580 0.069390
3 0.315837 0.476894 0.050015 0.079515
3 0.360091 0.477372 0.043765 0.074041
3 0.408054 0.485016 0.049743 0.086664
3 0.455717 0.501378 0.053531 0.090359
3 0.505350 0.523288 0.048068 0.078524
3 0.549488 0.528983 0.037939 0.085731
3 0.601650 0.540397 0.049683 0.089552
3 0.645970 0.559913 0.046869 0.084168
3 0.690537 0.574131 0.038136 0.082311
3 0.739115 0.588915 0.048631 0.086119
3 0.414446 0.551366 0.045822 0.046159
3 0.369121 0.530827 0.048728 0.062049
3 0.460772 0.553346 0.055634 0.062894
3 0.510151 0.563515 0.047870 0.057276
3 0.557964 0.576179 0.043957 0.063544
3 0.603226 0.597314 0.046947 0.054878
3 0.649739 0.607605 0.046755 0.061264
3 0.696725 0.627138 0.039435 0.065836
3 0.746564 0.635410 0.054115 0.058972
3 0.791275 0.601469 0.054260 0.073471
3 0.797001 0.651384 0.046650 0.051936
3 0.773681 0.691425 0.057781 0.066003
3 0.726633 0.676864 0.047945 0.058872
3 0.680438 0.667698 0.048777 0.089496
3 0.631991 0.652107 0.048642 0.076357
3 0.586511 0.644568 0.044966 0.071237
3 0.543257 0.630479 0.053726 0.084602
3 0.493845 0.616734 0.048801 0.079471
3 0.444023 0.610685 0.051952 0.080681
3 0.319118 0.530313 0.043330 0.055714
3 0.271959 0.518035 0.053791 0.056292
3 0.225072 0.509455 0.048094 0.063088
3 0.166254 0.557855 0.038525 0.073517
3 0.208599 0.559213 0.054386 0.072594
3 0.258281 0.568979 0.054942 0.081968
3 0.303966 0.573659 0.057765 0.083588
3 0.347474 0.585939 0.054569 0.074797
3 0.397211 0.596976 0.054574 0.083474
3 0.771883 0.751647 0.057045 0.064932
3 0.728683 0.737381 0.054833 0.067747
3 0.678505 0.729463 0.067656 0.054512
3 0.638926 0.715854 0.059626 0.075342
3 0.588336 0.700580 0.058565 0.078991
3 0.548232 0.690705 0.058695 0.080737
3 0.498623 0.677453 0.053363 0.079928
3 0.453236 0.662218 0.066872 0.080416
3 0.399717 0.652372 0.074088 0.075919
3 0.351852 0.642606 0.064081 0.080392
3 0.311127 0.638766 0.064837 0.082824
3 0.265595 0.630253 0.066455 0.076254
3 0.221130 0.626172 0.060751 0.086851
3 0.174599 0.622047 0.058156 0.079064
