3 0.551406 0.501864 0.059979 0.066917
3 0.602881 0.499995 0.053385 0.071607
3 0.649644 0.495019 0.049538 0.080067
3 0.697259 0.491651 0.064411 0.071459
3 0.733911 0.484785 0.066440 0.072242
3 0.777003 0.472593 0.061680 0.073650
3 0.812359 0.457630 0.061240 0.077081
3 0.504068 0.510867 0.065024 0.064176
3 0.449251 0.522851 0.074418 0.072592
3 0.404650 0.531491 0.070573 0.070080
3 0.363569 0.540305 0.062562 0.074345
3 0.303572 0.530946 0.047334 0.061251
3 0.323971 0.576198 0.051392 0.047956
3 0.284983 0.597897 0.041875 0.044314
3 0.270680 0.543975 0.039061 0.071329
3 0.241131 0.566167 0.040286 0.074825
3 0.251707 0.614204 0.038463 0.047916
3 0.218729 0.629615 0.033058 0.044689
3 0.192681 0.644741 0.029119 0.038552
3 0.257959 0.656579 0.045104 0.057718
3 0.298399 0.639669 0.046008 0.063655
3 0.339950 0.619513 0.051572 0.054872
3 0.218554 0.678720 0.045007 0.052266
3 0.185658 0.692660 0.035068 0.049095
3 0.197623 0.734531 0.044066 0.039948
3 0.269002 0.702322 0.046145 0.052272
3 0.313791 0.683686 0.043381 0.052944
3 0.339791 0.667202 0.030269 0.047956
3 0.164147 0.748270 0.050120 0.046202
3 0.153730 0.707768 0.039533 0.047461
3 0.243188 0.760757 0.049396 0.049701
3 0.285225 0.743381 0.048351 0.049997
3 0.327115 0.722718 0.056264 0.046897
3 0.208926 0.770626 0.037108 0.048721
3 0.176722 0.782957 0.042138 0.044720
3 0.298945 0.780987 0.057860 0.052458
3 0.338530 0.760754 0.051723 0.044563
3 0.256979 0.798856 0.051965 0.047182
3 0.225559 0.810087 0.041619 0.051326
3 0.199312 0.820463 0.040639 0.039632
3 0.313515 0.823054 0.053936 0.048052
3 0.272977 0.841868 0.048682 0.059073
3 0.236301 0.852522 0.044149 0.049009
3 0.201684 0.864498 0.030856 0.041284
3 0.359012 0.797136 0.053778 0.053582
3 0.331692 0.863726 0.064274 0.061526
3 0.286851 0.889393 0.063395 0.057311
3 0.242073 0.895411 0.048351 0.051344
3 0.350430 0.901964 0.061593 0.044633
3 0.310468 0.923678 0.058891 0.047238
3 0.383257 0.870434 0.052210 0.043400
3 0.366024 0.832935 0.056999 0.050683
3 0.445008 0.788942 0.031732 0.035557
3 0.561726 0.784860 0.029880 0.030975
3 0.610068 0.816984 0.042445 0.038464
3 0.405074 0.907683 0.047529 0.049914
3 0.408723 0.812624 0.048852 0.054260
3 0.372160 0.934441 0.056797 0.043947
3 0.332647 0.953417 0.057565 0.040568
3 0.270927 0.941336 0.050617 0.038478
3 0.235365 0.941644 0.031490 0.034591
3 0.415796 0.846616 0.031921 0.043627
3 0.428057 0.887603 0.041151 0.040217
3 0.461671 0.863169 0.042409 0.044458
3 0.487451 0.807471 0.042070 0.046889
3 0.497090 0.847686 0.039591 0.037135
3 0.441261 0.930433 0.051619 0.050705
3 0.550503 0.919651 0.041511 0.054085
3 0.585227 0.910663 0.042841 0.047091
3 0.472103 0.907939 0.051406 0.046386
3 0.447771 0.832991 0.041234 0.050513
3 0.396517 0.951846 0.064689 0.035789
3 0.489862 0.945781 0.051662 0.032522
3 0.538689 0.871539 0.041219 0.043518
3 0.577696 0.864654 0.045515 0.040476
3 0.642033 0.858666 0.053489 0.044725
3 0.788036 0.527538 0.045194 0.040785
3 0.788446 0.567545 0.039638 0.042727
3 0.740579 0.538185 0.046383 0.042276
3 0.819577 0.509701 0.026355 0.042473
3 0.822061 0.549081 0.029372 0.042425
3 0.654961 0.541325 0.049871 0.036248
3 0.695017 0.546922 0.049050 0.043627
3 0.396848 0.746110 0.063467 0.028479
3 0.443681 0.758851 0.055374 0.029782
3 0.686691 0.869589 0.053504 0.059287
3 0.642597 0.804005 0.037872 0.041276
3 0.622504 0.904678 0.041627 0.043216
3 0.500823 0.888031 0.054336 0.040257
3 0.519376 0.924282 0.044917 0.045700
