0 0.286869 0.616358 0.024308 0.014714
0 0.273665 0.615898 0.026911 0.017472
0 0.302646 0.616358 0.021736 0.015633
0 0.315454 0.615438 0.021477 0.013794
0 0.326322 0.614519 0.025099 0.016553
0 0.344176 0.614979 0.024064 0.014714
0 0.373027 0.622106 0.019665 0.017932
0 0.357872 0.617508 0.019444 0.015173
0 0.382472 0.621416 0.027169 0.015633
0 0.402655 0.624175 0.030274 0.021151
0 0.419086 0.624405 0.028981 0.014254
0 0.435905 0.623025 0.022771 0.013334
0 0.449619 0.621416 0.022253 0.012874
0 0.463075 0.622106 0.023806 0.010575
0 0.479635 0.620691 0.018630 0.006967
2 0.333460 0.591124 0.014681 0.033203
2 0.319827 0.589260 0.014872 0.034219
2 0.306862 0.588583 0.014109 0.035574
2 0.291514 0.590107 0.016206 0.033880
2 0.278168 0.591801 0.016969 0.033880
2 0.347092 0.590446 0.014872 0.029137
2 0.359771 0.592987 0.018113 0.032864
2 0.377407 0.598069 0.015253 0.032864
2 0.392470 0.597392 0.016016 0.033541
2 0.410487 0.598747 0.020020 0.035574
2 0.426980 0.597730 0.013346 0.036252
2 0.440326 0.598239 0.012202 0.031847
2 0.454626 0.597053 0.011440 0.033541
2 0.469402 0.598069 0.015444 0.032864
2 0.486562 0.600610 0.017732 0.029815
2 0.369967 0.566134 0.017138 0.043823
2 0.354153 0.563287 0.016998 0.043080
2 0.339523 0.561801 0.015884 0.041099
2 0.325939 0.561059 0.014630 0.040109
2 0.311657 0.559697 0.016998 0.042337
2 0.297306 0.559449 0.016162 0.041347
2 0.384248 0.568115 0.017556 0.051745
2 0.399157 0.568610 0.016720 0.041347
2 0.416294 0.570714 0.016998 0.042090
2 0.431342 0.568981 0.014212 0.039119
2 0.446181 0.568115 0.014908 0.040357
2 0.460893 0.570111 0.018798 0.043495
2 0.475971 0.570894 0.015078 0.037058
2 0.490804 0.575330 0.020267 0.037928
2 0.485713 0.541056 0.014784 0.046974
2 0.470195 0.541926 0.012924 0.044191
2 0.455215 0.539925 0.014490 0.040189
2 0.442193 0.535315 0.013315 0.045583
2 0.425598 0.533314 0.014784 0.048192
2 0.410569 0.535228 0.014882 0.046105
2 0.394888 0.536265 0.014588 0.036188
2 0.379565 0.535134 0.013315 0.041929
2 0.363802 0.531915 0.013120 0.045583
2 0.348773 0.531481 0.015372 0.047496
2 0.333891 0.529045 0.013218 0.050628
2 0.319646 0.528871 0.013511 0.044017
2 0.305684 0.527562 0.012434 0.044887
2 0.291585 0.524778 0.012434 0.046279
2 0.276409 0.526605 0.014784 0.045061
2 0.283726 0.559460 0.016840 0.050454
2 0.268355 0.561287 0.018994 0.042277
2 0.260326 0.518662 0.016253 0.044365
2 0.265808 0.496490 0.015959 0.037232
2 0.280396 0.498839 0.016938 0.035666
2 0.295327 0.499274 0.017819 0.045583
2 0.308887 0.496751 0.018896 0.047844
2 0.323867 0.499100 0.016546 0.045931
2 0.338945 0.501361 0.017917 0.044887
2 0.355100 0.500578 0.017525 0.047844
2 0.370289 0.500713 0.020463 0.046974
2 0.386933 0.503584 0.020071 0.049584
2 0.402990 0.506541 0.020854 0.048540
2 0.418508 0.506541 0.018015 0.047148
2 0.430933 0.507246 0.014040 0.046699
2 0.448038 0.508466 0.016449 0.048018
2 0.463556 0.509336 0.018113 0.045583
2 0.477557 0.512902 0.016546 0.043669
2 0.491460 0.510815 0.016155 0.039493
2 0.459346 0.475062 0.014784 0.053238
2 0.443191 0.475758 0.015567 0.047322
2 0.427918 0.473844 0.014588 0.041407
2 0.411469 0.469756 0.015763 0.046452
2 0.395265 0.468712 0.015861 0.048888
2 0.474326 0.478716 0.013805 0.045931
2 0.487837 0.475932 0.014001 0.053934
2 0.501771 0.471658 0.013413 0.041755
2 0.380221 0.468734 0.014784 0.044539
2 0.363821 0.467342 0.014490 0.044887
2 0.348939 0.465863 0.013511 0.044365
2 0.333323 0.464732 0.014588 0.049410
2 0.317364 0.461600 0.016742 0.054282
2 0.302727 0.461078 0.013315 0.049410
2 0.286979 0.462902 0.015176 0.046626
2 0.272831 0.458031 0.014882 0.044539
2 0.255061 0.455943 0.018113 0.037232
2 0.270871 0.424914 0.020365 0.051846
2 0.287711 0.423349 0.020952 0.054977
2 0.303065 0.423783 0.020267 0.053586
2 0.319122 0.428916 0.023008 0.055847
2 0.335423 0.431090 0.023498 0.053934
2 0.351529 0.431525 0.023008 0.054108
2 0.367695 0.431782 0.024281 0.052542
2 0.384584 0.434305 0.020854 0.053064
2 0.400249 0.436218 0.019288 0.047844
2 0.416306 0.438973 0.021638 0.054862
2 0.431610 0.437483 0.021736 0.053586
2 0.446541 0.438614 0.022225 0.052716
2 0.464409 0.438701 0.022519 0.051846
2 0.479548 0.439752 0.024575 0.051672
2 0.494185 0.435055 0.022127 0.044017
