0 0.464644 0.768292 0.030905 0.024911
0 0.442166 0.765090 0.033495 0.024394
0 0.420382 0.762094 0.029610 0.027620
0 0.401309 0.761113 0.026952 0.019531
0 0.381768 0.758975 0.031059 0.028966
0 0.359672 0.757703 0.028609 0.023153
0 0.338419 0.755543 0.028201 0.025354
0 0.318080 0.753179 0.024908 0.020836
0 0.484714 0.773058 0.024947 0.025432
0 0.500478 0.775762 0.018649 0.022933
0 0.296271 0.749885 0.023016 0.021313
0 0.278839 0.749292 0.026309 0.023063
0 0.258754 0.752120 0.028255 0.028046
2 0.227434 0.719127 0.019767 0.041367
2 0.245829 0.721357 0.025320 0.047678
2 0.266516 0.719766 0.023146 0.052438
2 0.285752 0.719856 0.027473 0.050625
2 0.306085 0.719052 0.024131 0.052342
2 0.325616 0.720577 0.024475 0.041587
2 0.348380 0.721602 0.022422 0.044090
2 0.369071 0.724755 0.025497 0.045886
2 0.391396 0.727469 0.019093 0.043758
2 0.411774 0.730350 0.026314 0.044802
2 0.432443 0.731272 0.024842 0.046622
2 0.453661 0.734244 0.019549 0.047327
2 0.473623 0.738130 0.019411 0.045589
2 0.491435 0.743841 0.025526 0.043721
2 0.514082 0.744217 0.022158 0.053784
2 0.524228 0.706007 0.025510 0.052747
2 0.503742 0.702138 0.021361 0.063743
2 0.485360 0.700694 0.022727 0.059805
2 0.463235 0.698074 0.023334 0.064791
2 0.420699 0.690530 0.024305 0.071607
2 0.443013 0.696276 0.024970 0.060970
2 0.401229 0.686212 0.021718 0.061639
2 0.382024 0.685913 0.023492 0.064140
2 0.362541 0.685255 0.027339 0.072294
2 0.340212 0.681027 0.025834 0.060542
2 0.318255 0.678771 0.026943 0.063384
2 0.297721 0.680064 0.022184 0.061957
2 0.278090 0.677085 0.025711 0.063468
2 0.258313 0.675753 0.021474 0.058785
2 0.238396 0.683288 0.019472 0.050614
2 0.223949 0.682305 0.015592 0.059460
2 0.230481 0.629628 0.023624 0.052813
2 0.248985 0.633484 0.019832 0.053821
2 0.269667 0.633231 0.020516 0.058821
2 0.288106 0.635691 0.015497 0.056764
2 0.310888 0.632936 0.021210 0.064862
2 0.332216 0.631995 0.019349 0.069156
2 0.351532 0.635498 0.021846 0.068758
2 0.372135 0.642354 0.016492 0.054836
2 0.393302 0.646895 0.019428 0.049119
2 0.413116 0.649723 0.019873 0.053421
2 0.433760 0.645772 0.022181 0.064516
2 0.457260 0.649646 0.019651 0.066987
2 0.477953 0.654043 0.018559 0.065561
2 0.498225 0.653609 0.017171 0.065899
2 0.517947 0.656745 0.018495 0.062667
2 0.506466 0.608167 0.020481 0.060072
2 0.484557 0.606797 0.026023 0.064345
2 0.464707 0.609491 0.027734 0.070517
2 0.446292 0.608134 0.024205 0.065162
2 0.425491 0.607772 0.023746 0.060541
2 0.404859 0.603542 0.024491 0.063738
2 0.386030 0.600394 0.025937 0.063377
2 0.362421 0.594590 0.025331 0.059862
2 0.339144 0.593217 0.024945 0.060223
2 0.317481 0.588121 0.023981 0.060945
2 0.299150 0.592920 0.025288 0.066253
2 0.277351 0.587816 0.024144 0.064117
2 0.257660 0.586459 0.018787 0.064488
2 0.242019 0.584011 0.016036 0.056989
2 0.248556 0.536874 0.018379 0.064530
2 0.269612 0.541958 0.019716 0.064456
2 0.291462 0.544809 0.019729 0.058454
2 0.312887 0.549885 0.016718 0.054211
2 0.333060 0.547711 0.015127 0.052378
2 0.355757 0.550506 0.017958 0.053433
2 0.377094 0.561267 0.019222 0.049117
2 0.397503 0.560133 0.018390 0.053343
2 0.420119 0.562472 0.020027 0.053763
2 0.440785 0.566136 0.019915 0.053745
2 0.460293 0.567333 0.016589 0.054456
2 0.482702 0.566773 0.017123 0.050939
2 0.504983 0.567782 0.019462 0.053409
2 0.526931 0.566812 0.020143 0.061211
2 0.529982 0.610347 0.026487 0.061303
2 0.250613 0.495840 0.032318 0.068514
2 0.275467 0.501297 0.030633 0.071348
2 0.297796 0.504910 0.032397 0.069569
2 0.321640 0.508420 0.033168 0.071256
2 0.342079 0.510911 0.029002 0.069867
2 0.365829 0.511409 0.025228 0.072000
2 0.388416 0.515982 0.029235 0.070929
2 0.409257 0.512387 0.030989 0.071984
2 0.428498 0.516631 0.031816 0.073125
2 0.450040 0.516354 0.033590 0.070956
2 0.470570 0.518198 0.029771 0.068684
2 0.494178 0.521694 0.025748 0.065238
2 0.515431 0.517306 0.029971 0.071975
