1 0.398822 0.440727 0.061312 0.068218
1 0.438478 0.439977 0.070874 0.063720
1 0.471946 0.442226 0.065812 0.065220
1 0.507946 0.441851 0.063562 0.060722
1 0.550696 0.440539 0.057937 0.060347
1 0.580789 0.440164 0.054000 0.060347
1 0.619320 0.442788 0.057937 0.061846
1 0.652507 0.442788 0.056812 0.058098
1 0.695257 0.440914 0.059062 0.060347
1 0.732663 0.442976 0.057374 0.065220
1 0.364229 0.441851 0.058499 0.065220
1 0.331323 0.439415 0.057937 0.062596
1 0.301246 0.438853 0.043842 0.063721
1 0.212744 0.470282 0.108479 0.039919
1 0.222543 0.453683 0.097452 0.047509
1 0.237941 0.446093 0.076780 0.057067
1 0.262620 0.440611 0.056953 0.061846
1 0.205696 0.502813 0.103376 0.035162
1 0.204463 0.526365 0.094449 0.032329
1 0.205121 0.552650 0.094077 0.032610
1 0.198160 0.580762 0.085218 0.037108
1 0.203234 0.603332 0.087327 0.036264
1 0.207453 0.628070 0.097452 0.035140
1 0.211039 0.653652 0.092812 0.034016
1 0.215469 0.680359 0.089015 0.030080
1 0.284557 0.692574 0.088593 0.033734
1 0.282448 0.715767 0.094499 0.026706
1 0.285401 0.739943 0.091124 0.027831
1 0.286877 0.664603 0.090702 0.032891
1 0.284242 0.635290 0.086062 0.033453
1 0.277297 0.612097 0.096577 0.030361
1 0.274117 0.585672 0.089437 0.035421
1 0.276438 0.561074 0.093233 0.035140
1 0.283820 0.532540 0.102093 0.032048
1 0.330648 0.783568 0.047250 0.043011
1 0.296697 0.781082 0.079734 0.050883
1 0.283269 0.769416 0.078189 0.038232
1 0.365462 0.781644 0.039234 0.047509
1 0.399634 0.778130 0.047671 0.053413
1 0.437180 0.776303 0.050203 0.048634
1 0.465657 0.774476 0.060749 0.050039
1 0.503414 0.773070 0.068765 0.051164
1 0.547289 0.770681 0.045140 0.048072
1 0.582304 0.767448 0.048515 0.043292
1 0.347744 0.841945 0.062859 0.066344
1 0.310197 0.839274 0.056109 0.069437
1 0.388876 0.839415 0.057374 0.064095
1 0.429798 0.836787 0.053999 0.063728
1 0.472196 0.832246 0.051890 0.065501
1 0.502359 0.831824 0.045562 0.064658
1 0.543249 0.831224 0.044304 0.064698
1 0.577004 0.825598 0.044304 0.070323
1 0.617894 0.821359 0.056953 0.070280
1 0.652909 0.822342 0.064546 0.067750
1 0.684599 0.824895 0.048523 0.063291
1 0.715979 0.825294 0.049781 0.068031
1 0.753948 0.825997 0.057374 0.067188
1 0.791916 0.822483 0.077624 0.057911
1 0.802041 0.809973 0.095343 0.048634
1 0.807103 0.787202 0.103780 0.049196
1 0.808580 0.760074 0.093233 0.032048
1 0.807103 0.734774 0.091968 0.037108
1 0.797947 0.710948 0.098718 0.033453
1 0.800268 0.686209 0.090702 0.035140
1 0.798158 0.665968 0.083109 0.035702
1 0.792041 0.637013 0.088593 0.030642
1 0.793985 0.615730 0.097461 0.031440
1 0.801217 0.590486 0.085063 0.037406
1 0.793296 0.565702 0.102282 0.036947
1 0.797085 0.542179 0.096772 0.033046
1 0.780721 0.452512 0.096428 0.056683
1 0.769185 0.444365 0.065777 0.059666
1 0.787954 0.471445 0.110203 0.039013
1 0.792431 0.495655 0.103315 0.033734
1 0.792258 0.518374 0.105037 0.033734
1 0.297384 0.499499 0.092223 0.053870
1 0.281097 0.511790 0.091046 0.030858
1 0.318968 0.497015 0.061613 0.048902
1 0.352717 0.498715 0.043561 0.050209
1 0.388822 0.498061 0.035712 0.042626
1 0.416685 0.500545 0.055334 0.049163
1 0.453378 0.499892 0.051802 0.045764
1 0.491640 0.499238 0.054549 0.053870
1 0.528922 0.496100 0.052194 0.054393
1 0.569539 0.497538 0.054156 0.050994
1 0.608434 0.497664 0.044738 0.048902
1 0.639044 0.495964 0.042383 0.051778
1 0.705366 0.514923 0.074563 0.039488
1 0.693789 0.500279 0.067107 0.055178
1 0.673775 0.497271 0.042776 0.055962
1 0.705196 0.535844 0.083536 0.030596
1 0.714392 0.556764 0.087906 0.024843
1 0.709486 0.581215 0.078095 0.028766
1 0.716550 0.605274 0.087514 0.028243
1 0.710549 0.629354 0.078542 0.033473
1 0.711334 0.656289 0.076187 0.029812
1 0.714697 0.680609 0.075741 0.027720
1 0.712342 0.702315 0.079665 0.032950
1 0.719772 0.729381 0.085212 0.027981
1 0.623651 0.767953 0.044346 0.043410
1 0.656420 0.765810 0.052587 0.047173
1 0.715090 0.763899 0.085159 0.052563
1 0.491656 0.547161 0.051802 0.052824
1 0.450254 0.551083 0.046700 0.054393
1 0.418859 0.548599 0.042776 0.044718
1 0.367842 0.551868 0.090653 0.052824
1 0.387071 0.545853 0.064752 0.053347
1 0.352537 0.566512 0.103996 0.031904
1 0.357639 0.590309 0.109490 0.030335
1 0.354303 0.614107 0.096540 0.034519
1 0.354499 0.637245 0.103211 0.035565
1 0.356068 0.665880 0.098502 0.033734
1 0.353321 0.692030 0.090653 0.035303
1 0.356540 0.718706 0.088608 0.047820
1 0.512259 0.722365 0.049840 0.047856
1 0.474389 0.721450 0.050232 0.051778
1 0.437107 0.727072 0.047877 0.048902
1 0.402180 0.728380 0.033750 0.050994
1 0.546793 0.721450 0.045915 0.045502
1 0.583683 0.715827 0.045915 0.054132
1 0.638643 0.714982 0.083589 0.047333
1 0.616647 0.719227 0.066322 0.053609
1 0.633522 0.695168 0.086729 0.026935
1 0.527883 0.548737 0.055334 0.051255
1 0.565360 0.548083 0.044738 0.055178
1 0.622656 0.547037 0.074563 0.055178
1 0.599110 0.548999 0.038459 0.053347
1 0.626385 0.628366 0.080450 0.032688
1 0.625992 0.604307 0.079665 0.035303
1 0.624815 0.580902 0.080450 0.031381
1 0.633966 0.557665 0.082278 0.037975
1 0.633934 0.671180 0.082020 0.027197
1 0.630206 0.651698 0.084767 0.027458
1 0.439855 0.666913 0.122441 0.048379
1 0.446919 0.674758 0.084767 0.057270
1 0.481257 0.670312 0.036497 0.049948
1 0.515823 0.679325 0.044304 0.059072
1 0.559941 0.664951 0.083982 0.042364
1 0.542870 0.666913 0.072601 0.055178
1 0.450647 0.604805 0.104781 0.048640
1 0.444760 0.618926 0.118909 0.029289
1 0.467914 0.603105 0.076525 0.057270
1 0.486751 0.599967 0.038066 0.056224
1 0.543458 0.596960 0.076918 0.062762
1 0.547579 0.610950 0.082020 0.039488
1 0.516773 0.600098 0.032180 0.059101
1 0.547579 0.643639 0.082804 0.026935
1 0.545420 0.626510 0.091046 0.028766
1 0.447115 0.646384 0.098502 0.028243
