0 0.526530 0.672294 0.101890 0.135170
0 0.456685 0.661256 0.119139 0.112458
0 0.376881 0.649610 0.121062 0.138096
0 0.300104 0.613962 0.123531 0.126662
0 0.236846 0.550622 0.140752 0.173623
0 0.194555 0.496871 0.106569 0.140538
0 0.189396 0.401786 0.088165 0.144681
0 0.206283 0.301789 0.096011 0.138585
0 0.257330 0.242435 0.124711 0.150390
0 0.396471 0.134875 0.135378 0.131729
0 0.322338 0.188755 0.136724 0.105037
0 0.461724 0.087505 0.141592 0.138597
0 0.545712 0.067956 0.142801 0.135912
0 0.612408 0.110827 0.128931 0.155822
0 0.651968 0.200092 0.095881 0.193181
0 0.657192 0.319477 0.115927 0.214386
0 0.649318 0.438763 0.095277 0.226135
