0 0.464586 0.642269 0.025571 0.014389
0 0.448604 0.642269 0.028128 0.015146
0 0.430064 0.640944 0.018752 0.010981
0 0.416640 0.638861 0.024293 0.020448
0 0.398740 0.634507 0.018326 0.015525
0 0.385208 0.636021 0.020244 0.012496
0 0.370718 0.636779 0.022375 0.014010
0 0.355162 0.637915 0.020244 0.011738
0 0.341418 0.638293 0.021736 0.010981
0 0.325329 0.643973 0.023653 0.011738
0 0.483125 0.640755 0.020883 0.012117
0 0.498148 0.641512 0.019392 0.015904
0 0.512565 0.642398 0.022279 0.015449
0 0.524882 0.642881 0.016121 0.013196
0 0.315339 0.649082 0.017207 0.009334
2 0.317241 0.617539 0.013404 0.043451
2 0.331260 0.614114 0.015808 0.042135
2 0.345256 0.612944 0.015808 0.038623
2 0.361064 0.611188 0.015808 0.036868
2 0.374813 0.611042 0.013338 0.037746
2 0.388563 0.609871 0.014820 0.039501
2 0.403794 0.613675 0.019924 0.035990
2 0.421331 0.616016 0.016137 0.038331
2 0.436397 0.618064 0.019924 0.038916
2 0.455745 0.617772 0.018772 0.040086
2 0.474329 0.620458 0.020418 0.039794
2 0.488902 0.619141 0.015972 0.034234
2 0.504133 0.619141 0.016466 0.036575
2 0.519941 0.621775 0.019760 0.033649
2 0.506114 0.594203 0.019475 0.041868
2 0.491947 0.591501 0.017841 0.043934
2 0.475770 0.592593 0.018569 0.041868
2 0.460430 0.593030 0.020196 0.042164
2 0.444129 0.593513 0.018928 0.046992
2 0.426106 0.589731 0.019290 0.044900
2 0.411333 0.586430 0.020830 0.043612
2 0.394306 0.584499 0.016845 0.042647
2 0.379318 0.583051 0.016211 0.040394
2 0.365054 0.581924 0.016845 0.044900
2 0.350020 0.583855 0.015034 0.044900
2 0.336876 0.586148 0.018656 0.042808
2 0.322295 0.589930 0.015396 0.047796
2 0.309073 0.590815 0.014490 0.046348
2 0.330175 0.553318 0.013404 0.046670
2 0.314960 0.552916 0.013947 0.051981
2 0.343805 0.553801 0.013675 0.040876
2 0.358476 0.552433 0.013856 0.042325
2 0.373963 0.552835 0.014219 0.044739
2 0.389890 0.554269 0.014943 0.043129
2 0.404244 0.555476 0.016121 0.045543
2 0.420772 0.556925 0.014400 0.046187
2 0.436802 0.562477 0.014762 0.037658
2 0.453112 0.565448 0.015215 0.037819
2 0.467964 0.562069 0.014853 0.040394
2 0.483179 0.562632 0.014490 0.040555
2 0.499321 0.564010 0.015851 0.047504
2 0.513813 0.567633 0.014946 0.043478
2 0.528080 0.567633 0.015399 0.040258
2 0.522993 0.596255 0.017388 0.040555
2 0.536170 0.597543 0.012951 0.039911
2 0.487053 0.530924 0.019001 0.050648
2 0.472631 0.532138 0.015584 0.049433
2 0.458107 0.531349 0.018113 0.047125
2 0.504551 0.530134 0.017908 0.045425
2 0.518563 0.529527 0.015447 0.042024
2 0.532974 0.526450 0.015311 0.043239
2 0.426178 0.530998 0.018116 0.045894
2 0.442493 0.533724 0.018000 0.045664
2 0.409946 0.524773 0.018113 0.045865
2 0.393795 0.524557 0.019475 0.047504
2 0.377824 0.522535 0.016905 0.047421
2 0.362489 0.525432 0.016181 0.048065
2 0.347093 0.522106 0.017268 0.046563
2 0.331938 0.522321 0.020286 0.048279
2 0.318314 0.518667 0.015215 0.043559
2 0.300262 0.553857 0.014611 0.043988
2 0.305027 0.524155 0.013134 0.038647
2 0.323596 0.489533 0.014946 0.043478
2 0.308427 0.484705 0.015372 0.043669
2 0.293937 0.484096 0.015959 0.036188
2 0.324827 0.453215 0.022323 0.052368
2 0.308574 0.453041 0.020365 0.048540
2 0.294426 0.453128 0.015959 0.048018
2 0.339900 0.487118 0.015851 0.048309
2 0.341712 0.453704 0.020380 0.050725
2 0.357563 0.456924 0.019475 0.050725
2 0.374094 0.458535 0.020833 0.050725
2 0.467220 0.464237 0.020931 0.047564
2 0.355605 0.486664 0.015763 0.051672
2 0.370732 0.489709 0.017036 0.047322
2 0.387278 0.489709 0.015274 0.045931
2 0.390625 0.458535 0.023098 0.053945
2 0.403335 0.491970 0.014490 0.044191
2 0.418854 0.493449 0.015763 0.044713
2 0.404212 0.455717 0.023098 0.057971
2 0.421464 0.458735 0.019137 0.054856
2 0.436387 0.464052 0.019058 0.051498
2 0.434615 0.495749 0.016302 0.051638
2 0.450074 0.497476 0.016144 0.046600
2 0.452672 0.467391 0.023098 0.052335
2 0.466652 0.499085 0.014333 0.041982
2 0.483175 0.463499 0.021421 0.047580
2 0.482111 0.499253 0.015987 0.041842
2 0.499870 0.461819 0.022681 0.048139
2 0.497271 0.496105 0.013860 0.053177
2 0.511919 0.496944 0.015120 0.052338
2 0.513179 0.459370 0.022838 0.046880
2 0.525961 0.489332 0.011340 0.058075
2 0.526554 0.449182 0.020397 0.038064
