0 0.628785 0.898126 0.047992 0.034645
0 0.581238 0.897238 0.057768 0.031092
0 0.536356 0.892796 0.062212 0.025762
0 0.671111 0.906667 0.053333 0.026667
0 0.486587 0.891464 0.042660 0.026650
0 0.407044 0.896794 0.048881 0.021320
0 0.449259 0.891908 0.053324 0.018655
0 0.722992 0.901680 0.067544 0.036422
0 0.369717 0.895461 0.041771 0.022208
0 0.324215 0.899459 0.056342 0.024873
1 0.449704 0.830168 0.054213 0.099494
1 0.401636 0.829280 0.059394 0.103047
1 0.359941 0.833722 0.055991 0.099494
1 0.499616 0.828505 0.053863 0.117368
1 0.545400 0.828505 0.071099 0.108754
1 0.601417 0.826082 0.070022 0.125444
1 0.648889 0.842222 0.080000 0.111111
1 0.701731 0.835504 0.074587 0.119522
1 0.747386 0.835235 0.059249 0.112523
1 0.679250 0.736441 0.054402 0.119522
1 0.628349 0.741825 0.057095 0.109831
1 0.574486 0.736172 0.049554 0.102832
1 0.728265 0.738594 0.056556 0.105524
1 0.524662 0.729980 0.054402 0.104447
1 0.477263 0.737518 0.052247 0.096910
1 0.432287 0.734287 0.049554 0.094756
1 0.381925 0.730249 0.052247 0.100678
1 0.330064 0.737496 0.054402 0.107677
1 0.630621 0.655392 0.046861 0.106062
1 0.586722 0.660237 0.045245 0.103909
1 0.533398 0.654315 0.052786 0.109293
1 0.679905 0.661045 0.057095 0.106601
1 0.737000 0.663468 0.057095 0.090987
1 0.484639 0.652274 0.053325 0.099063
1 0.443164 0.650390 0.050093 0.104985
1 0.392802 0.656043 0.054940 0.103370
1 0.347557 0.655235 0.059249 0.100678
1 0.299081 0.657678 0.052786 0.094716
1 0.286947 0.571998 0.047938 0.093141
1 0.335154 0.562846 0.049554 0.103909
1 0.384170 0.568230 0.052786 0.117907
1 0.428337 0.560962 0.054940 0.104447
1 0.472505 0.562038 0.053863 0.109831
1 0.522059 0.558808 0.053863 0.107677
1 0.571613 0.562577 0.057095 0.106601
1 0.617562 0.563220 0.057634 0.097986
1 0.663884 0.556759 0.055479 0.095833
1 0.706705 0.554875 0.058172 0.109293
1 0.721787 0.474925 0.043090 0.094756
1 0.675195 0.477886 0.046861 0.102832
1 0.626449 0.479770 0.045245 0.109831
1 0.582012 0.483000 0.056556 0.102294
1 0.538383 0.484346 0.065174 0.115753
1 0.490714 0.476540 0.065713 0.120599
1 0.437120 0.482462 0.049015 0.110908
1 0.388913 0.479770 0.050631 0.111985
1 0.345014 0.479232 0.042552 0.107677
1 0.299500 0.466849 0.063558 0.115215
1 0.308910 0.378232 0.062481 0.093679
1 0.356848 0.384961 0.066790 0.096371
1 0.394552 0.386846 0.053863 0.075374
1 0.437373 0.397176 0.052247 0.092400
1 0.479656 0.395191 0.043091 0.089911
1 0.520861 0.396100 0.050093 0.090246
1 0.559373 0.395191 0.060327 0.094218
1 0.598155 0.390884 0.062481 0.092064
1 0.646362 0.393845 0.065174 0.097986
1 0.687029 0.393037 0.065713 0.095295
1 0.320114 0.836317 0.050977 0.093862
1 0.285571 0.750164 0.050306 0.102578
