0 0.577195 0.506971 0.024226 0.027919
0 0.580936 0.490398 0.015741 0.024540
0 0.579822 0.477328 0.014700 0.024418
0 0.579172 0.443162 0.010552 0.026795
0 0.575843 0.428573 0.012573 0.028034
0 0.572770 0.410397 0.012011 0.031256
0 0.579611 0.458832 0.011779 0.027056
0 0.574587 0.523073 0.012588 0.027552
0 0.571961 0.540462 0.020991 0.037621
0 0.571854 0.561011 0.014641 0.030385
0 0.573048 0.578299 0.016380 0.029240
0 0.572981 0.593078 0.016636 0.024711
0 0.570195 0.610077 0.013009 0.028274
2 0.627417 0.569524 0.040942 0.017998
2 0.627456 0.554876 0.042691 0.018091
2 0.629170 0.537225 0.048241 0.019432
2 0.628494 0.585808 0.045539 0.016876
2 0.624895 0.599661 0.043984 0.022380
2 0.624490 0.616885 0.039810 0.017964
2 0.621935 0.633391 0.043845 0.017606
2 0.594878 0.612984 0.039935 0.017420
2 0.596687 0.596064 0.040865 0.015526
2 0.597155 0.581380 0.039532 0.014234
2 0.596080 0.568980 0.039731 0.021011
2 0.597098 0.548839 0.046384 0.018897
2 0.601252 0.529141 0.044625 0.023874
2 0.631911 0.519311 0.044197 0.019994
2 0.601215 0.512813 0.045393 0.017557
2 0.607912 0.494903 0.046108 0.020729
2 0.607517 0.479094 0.045868 0.019767
2 0.606439 0.464816 0.044898 0.015323
2 0.607110 0.449674 0.048874 0.016906
2 0.604596 0.433005 0.044268 0.018669
2 0.603740 0.417156 0.051738 0.019264
2 0.601680 0.401645 0.045155 0.021042
2 0.635655 0.395802 0.056629 0.014540
2 0.635317 0.410217 0.052003 0.016956
2 0.635529 0.425560 0.049327 0.017088
2 0.636900 0.440479 0.047016 0.016251
2 0.636415 0.455194 0.046450 0.017405
2 0.636611 0.470128 0.043384 0.017387
2 0.635906 0.485963 0.041597 0.018369
2 0.633634 0.502880 0.045495 0.019088
2 0.656140 0.622991 0.049518 0.015852
2 0.655814 0.607834 0.050158 0.014926
2 0.657611 0.592181 0.047261 0.016064
2 0.657414 0.577432 0.042522 0.014772
2 0.660962 0.560541 0.040512 0.015142
2 0.662745 0.546458 0.044968 0.016027
2 0.660556 0.529247 0.041281 0.013985
2 0.663429 0.512628 0.043239 0.014499
2 0.691744 0.552104 0.048361 0.017377
2 0.691578 0.567125 0.052576 0.017103
2 0.690805 0.583222 0.050288 0.018250
2 0.690139 0.599318 0.048523 0.018775
2 0.691397 0.613545 0.044149 0.016088
2 0.691940 0.535712 0.049511 0.020944
2 0.694528 0.519376 0.050862 0.017376
2 0.695861 0.502786 0.048245 0.018630
2 0.726639 0.542715 0.046506 0.016516
2 0.725204 0.559211 0.042454 0.014219
2 0.724455 0.574942 0.046274 0.015483
2 0.723968 0.591869 0.050327 0.015333
2 0.724340 0.607367 0.050292 0.014427
2 0.726798 0.620657 0.053054 0.012747
2 0.666580 0.496403 0.045499 0.014394
2 0.668202 0.479621 0.044954 0.015585
2 0.667250 0.464628 0.044179 0.014212
2 0.669052 0.449234 0.044773 0.013985
2 0.667049 0.434122 0.044263 0.015116
2 0.670169 0.418422 0.050518 0.013893
2 0.668611 0.404166 0.050900 0.014535
2 0.675567 0.388844 0.044921 0.011573
2 0.704369 0.407380 0.048942 0.017752
2 0.706876 0.394908 0.054061 0.015038
2 0.700844 0.423263 0.049537 0.018806
2 0.699798 0.438377 0.048567 0.017411
2 0.697772 0.453563 0.047756 0.017914
2 0.697147 0.468962 0.046947 0.018789
2 0.695685 0.486419 0.049151 0.019049
2 0.727009 0.494504 0.041690 0.013958
2 0.729863 0.478489 0.045149 0.015173
2 0.730830 0.463097 0.044779 0.014169
2 0.735036 0.446404 0.053135 0.016712
2 0.733933 0.431533 0.045556 0.013651
2 0.736435 0.414760 0.047470 0.014663
2 0.738957 0.399617 0.046302 0.015006
2 0.745443 0.381629 0.042963 0.017211
2 0.728042 0.526800 0.044008 0.014813
2 0.727090 0.510461 0.042492 0.015780
2 0.761649 0.513917 0.051464 0.020996
2 0.762607 0.496210 0.052149 0.021495
2 0.759066 0.529721 0.046918 0.018391
2 0.756335 0.545258 0.052128 0.024071
2 0.759909 0.593910 0.049482 0.025424
2 0.759243 0.576484 0.052351 0.025384
2 0.758566 0.561707 0.051039 0.024856
2 0.762088 0.609013 0.050044 0.026905
2 0.760565 0.481358 0.053489 0.024980
2 0.762869 0.464283 0.052330 0.024351
2 0.764649 0.448820 0.052337 0.023434
2 0.765896 0.433077 0.048816 0.020100
2 0.765411 0.418361 0.047862 0.020879
2 0.768752 0.401711 0.049908 0.016748
