0 0.601288 0.846299 0.103406 0.036095
0 0.519403 0.851539 0.098580 0.035659
0 0.449111 0.847388 0.095323 0.029430
0 0.380233 0.839233 0.096108 0.033450
0 0.304114 0.828102 0.075897 0.032315
0 0.671422 0.851808 0.100346 0.037994
0 0.738211 0.854143 0.093342 0.033428
0 0.824461 0.859534 0.123926 0.038897
0 0.242836 0.823631 0.096829 0.033293
0 0.194539 0.823448 0.101621 0.036683
3 0.666556 0.799102 0.072684 0.070009
3 0.584514 0.798435 0.099914 0.064508
3 0.513487 0.799957 0.090242 0.070988
3 0.445894 0.796406 0.091753 0.068971
3 0.374367 0.791241 0.074332 0.061799
3 0.727186 0.798610 0.076510 0.057115
3 0.791061 0.806428 0.092321 0.075240
3 0.863658 0.803945 0.090968 0.061156
3 0.881529 0.745185 0.078374 0.067189
3 0.810237 0.740468 0.063150 0.060956
3 0.744831 0.739219 0.072409 0.072205
3 0.673245 0.740548 0.079354 0.065368
3 0.603043 0.740252 0.072311 0.064637
3 0.529534 0.738158 0.086083 0.070674
3 0.460028 0.733063 0.075725 0.060313
3 0.385833 0.732539 0.087731 0.061566
3 0.322810 0.734183 0.086691 0.056448
3 0.307126 0.782038 0.057952 0.059175
3 0.238699 0.781161 0.072037 0.053531
3 0.183532 0.734383 0.058750 0.052713
3 0.254208 0.728661 0.067299 0.058681
3 0.180104 0.782723 0.064106 0.053669
0 0.144057 0.827780 0.092621 0.038212
3 0.125260 0.726748 0.062326 0.063795
3 0.258474 0.677023 0.079833 0.067458
3 0.196376 0.681679 0.074317 0.055141
3 0.327988 0.675554 0.091150 0.059696
3 0.209177 0.626670 0.079555 0.066320
3 0.283369 0.621261 0.083454 0.071275
3 0.137927 0.675542 0.074479 0.051350
3 0.148962 0.619942 0.067534 0.061000
3 0.352463 0.619749 0.087721 0.067088
3 0.417128 0.617314 0.083107 0.067679
3 0.406683 0.675695 0.079541 0.062429
3 0.471775 0.675021 0.080688 0.062386
3 0.486451 0.618042 0.081850 0.065838
3 0.544577 0.673612 0.081983 0.063956
3 0.553714 0.612835 0.078805 0.070566
3 0.363719 0.560638 0.070889 0.061752
3 0.293631 0.563906 0.069315 0.071980
3 0.226751 0.564919 0.078422 0.061150
3 0.160004 0.567459 0.078790 0.059902
3 0.627082 0.614937 0.076348 0.068159
3 0.692491 0.614645 0.075273 0.071525
3 0.759144 0.617972 0.089177 0.065730
3 0.611700 0.679458 0.080747 0.065643
3 0.564917 0.559212 0.082527 0.067262
3 0.429252 0.558628 0.075038 0.063163
3 0.499347 0.557578 0.080659 0.065602
3 0.638087 0.556303 0.081321 0.062486
3 0.705622 0.559325 0.081968 0.069305
3 0.781396 0.555609 0.092356 0.077345
3 0.838132 0.615461 0.092268 0.070037
3 0.683972 0.673007 0.073243 0.070804
3 0.751750 0.674258 0.070874 0.071260
3 0.818872 0.681349 0.073405 0.065616
3 0.890387 0.686979 0.078982 0.065720
3 0.897317 0.625377 0.070507 0.067364
3 0.904746 0.558304 0.056293 0.069699
3 0.854801 0.559675 0.080262 0.063056
3 0.864571 0.494399 0.071080 0.062028
3 0.792813 0.502076 0.088766 0.062882
3 0.729847 0.499921 0.077422 0.054622
3 0.658884 0.499388 0.078422 0.061043
3 0.587958 0.499638 0.079644 0.056095
3 0.512191 0.502576 0.067593 0.062545
3 0.440669 0.502148 0.077716 0.067174
3 0.374082 0.506083 0.072291 0.058706
3 0.304304 0.507925 0.078731 0.058210
3 0.240506 0.509570 0.071993 0.067337
3 0.108583 0.793443 0.080833 0.096578
3 0.081513 0.718416 0.032300 0.039762
3 0.089034 0.666992 0.049593 0.054406
3 0.093569 0.614591 0.033079 0.046937
3 0.110956 0.563141 0.050822 0.058831
3 0.115889 0.499245 0.059442 0.060630
3 0.173739 0.509550 0.076787 0.055634
3 0.255242 0.453635 0.068080 0.058472
3 0.323235 0.451632 0.074588 0.064230
3 0.266813 0.401806 0.068166 0.055253
3 0.198084 0.402389 0.073723 0.059319
3 0.130143 0.400787 0.052605 0.050156
3 0.185466 0.455863 0.089267 0.055344
3 0.118571 0.450992 0.052968 0.050292
3 0.336951 0.397786 0.069687 0.064643
3 0.395400 0.399728 0.083737 0.058324
3 0.387979 0.450489 0.068160 0.049007
3 0.457440 0.451843 0.070698 0.055683
3 0.527639 0.449773 0.076909 0.058134
3 0.471108 0.397763 0.079620 0.066247
3 0.544349 0.399086 0.067471 0.055488
3 0.610402 0.395984 0.078443 0.062332
3 0.598232 0.452055 0.077035 0.052969
3 0.684841 0.393767 0.078065 0.059718
3 0.675047 0.450181 0.078843 0.056643
3 0.747075 0.443195 0.076331 0.066509
3 0.757967 0.391887 0.072747 0.060798
3 0.818256 0.442480 0.089867 0.060012
3 0.821503 0.386335 0.073809 0.062133
3 0.881881 0.437033 0.067902 0.059700
3 0.890530 0.384273 0.071097 0.055157
3 0.842348 0.334051 0.076426 0.060787
3 0.773842 0.335175 0.076730 0.059603
3 0.699880 0.339191 0.066379 0.058111
3 0.625436 0.344582 0.079715 0.065293
3 0.894297 0.334870 0.061145 0.058462
3 0.551055 0.344498 0.078674 0.066363
3 0.480594 0.346739 0.071181 0.061240
3 0.411930 0.350261 0.073021 0.059098
3 0.344615 0.349555 0.077014 0.056681
3 0.283969 0.349803 0.080671 0.060829
3 0.210391 0.351499 0.079578 0.061439
3 0.141370 0.347071 0.069226 0.066698
3 0.320538 0.276561 0.120093 0.105229
3 0.242163 0.272523 0.131012 0.102602
3 0.185726 0.267370 0.119641 0.100918
3 0.388031 0.278848 0.108953 0.093798
3 0.449542 0.280664 0.114207 0.092436
3 0.511287 0.279829 0.100189 0.089977
3 0.578863 0.275225 0.103445 0.091723
3 0.652539 0.272410 0.123119 0.098114
3 0.718540 0.269694 0.096424 0.094438
3 0.796494 0.267884 0.095700 0.093871
3 0.850986 0.263015 0.083572 0.090563
3 0.896824 0.272435 0.052832 0.072868
