0 0.254867 0.421442 0.018416 0.033164
0 0.245243 0.453314 0.020690 0.032610
0 0.245630 0.481086 0.014516 0.028580
0 0.243185 0.502763 0.019649 0.022606
0 0.243722 0.524539 0.017692 0.021363
0 0.238720 0.544603 0.022083 0.021154
0 0.253413 0.397370 0.020127 0.038751
0 0.230220 0.566223 0.020148 0.027756
0 0.227887 0.589977 0.016791 0.030945
0 0.224012 0.615450 0.017738 0.033179
0 0.217044 0.642902 0.021278 0.032905
0 0.213460 0.675426 0.025854 0.040522
0 0.206643 0.703080 0.021794 0.029428
3 0.293054 0.454196 0.074746 0.030708
3 0.291138 0.480863 0.081101 0.026754
3 0.286292 0.506709 0.086937 0.028604
3 0.287155 0.533146 0.083234 0.033393
3 0.278054 0.561529 0.082833 0.033700
3 0.275976 0.588625 0.085613 0.034759
3 0.301314 0.422283 0.084657 0.034783
3 0.298315 0.394567 0.071438 0.030942
3 0.312648 0.372248 0.083363 0.035255
3 0.270651 0.618115 0.082263 0.033164
3 0.265936 0.645545 0.085779 0.032592
3 0.264154 0.672981 0.081282 0.034693
3 0.255239 0.698210 0.083108 0.036226
3 0.244441 0.723046 0.068407 0.036337
3 0.304347 0.726501 0.071169 0.026258
3 0.309361 0.751294 0.055614 0.024324
3 0.313918 0.696787 0.078873 0.028535
3 0.322977 0.671887 0.076685 0.026812
3 0.328570 0.642850 0.078017 0.031219
3 0.328932 0.613051 0.074126 0.024193
3 0.330588 0.584041 0.076043 0.028560
3 0.335578 0.556226 0.078417 0.028722
3 0.343116 0.525502 0.074390 0.027839
3 0.345190 0.496534 0.072634 0.026597
3 0.348588 0.468698 0.073298 0.025800
3 0.348743 0.441307 0.080139 0.027925
3 0.343588 0.409555 0.091964 0.032862
3 0.386775 0.372521 0.082897 0.024326
3 0.402249 0.398648 0.079455 0.036413
3 0.400668 0.434705 0.071516 0.034169
3 0.401832 0.462418 0.081144 0.035045
3 0.396239 0.491696 0.078432 0.038671
3 0.394257 0.518584 0.078648 0.035132
3 0.387687 0.549938 0.089010 0.034698
3 0.386239 0.578641 0.083260 0.037070
3 0.384451 0.608255 0.085862 0.036857
3 0.381660 0.639721 0.077837 0.039356
3 0.380957 0.665974 0.078498 0.032959
3 0.375254 0.696186 0.080606 0.033013
3 0.364977 0.724566 0.082793 0.035146
3 0.360782 0.756008 0.076945 0.031432
3 0.425209 0.746851 0.087327 0.035395
3 0.431003 0.713296 0.086086 0.033884
3 0.433270 0.683051 0.078237 0.025196
3 0.434552 0.653910 0.075793 0.026678
3 0.440079 0.626692 0.080246 0.026176
3 0.441303 0.595751 0.078770 0.030531
3 0.445117 0.565830 0.086018 0.028772
3 0.449116 0.535741 0.084873 0.030784
3 0.452838 0.505787 0.085620 0.027915
3 0.458539 0.475448 0.084426 0.027551
3 0.459519 0.443491 0.086474 0.030145
3 0.459235 0.411502 0.082331 0.025101
3 0.454474 0.385727 0.084485 0.022219
3 0.518782 0.383403 0.090964 0.045839
3 0.515888 0.409369 0.086832 0.040291
3 0.517342 0.442841 0.086715 0.041641
3 0.514764 0.473266 0.081740 0.039582
3 0.511721 0.503728 0.079828 0.037305
3 0.508901 0.535063 0.075802 0.040071
3 0.502544 0.565023 0.083912 0.044681
3 0.497187 0.594844 0.088860 0.039456
3 0.495080 0.624676 0.082534 0.042143
3 0.491960 0.653628 0.089684 0.044354
3 0.486584 0.684499 0.084815 0.042145
3 0.485170 0.711281 0.090722 0.045605
3 0.481521 0.743196 0.087288 0.039582
