0 0.044428 0.287178 0.088855 0.203935
0 0.128481 0.282426 0.208366 0.231318
0 0.259836 0.282089 0.200930 0.224266
0 0.381262 0.292367 0.206004 0.243871
0 0.503589 0.292681 0.204100 0.228792
0 0.638359 0.270940 0.171020 0.220341
0 0.749860 0.271378 0.189378 0.203688
0 0.862240 0.283613 0.168961 0.237381
0 0.937125 0.282324 0.098227 0.227628
0 0.393368 0.830093 0.170784 0.231318
0 0.270813 0.848133 0.176448 0.196711
0 0.149008 0.842156 0.228967 0.193311
0 0.062430 0.849450 0.124859 0.211502
0 0.506792 0.826018 0.144320 0.216365
0 0.614371 0.836439 0.171775 0.174795
0 0.731516 0.829164 0.159807 0.171319
0 0.846963 0.824583 0.136036 0.187860
0 0.921313 0.816971 0.054179 0.153988
