0 0.660557 0.651619 0.050317 0.022006
0 0.624612 0.638478 0.046800 0.021779
0 0.595160 0.631928 0.046819 0.015434
0 0.561574 0.624005 0.053162 0.022338
0 0.525720 0.615067 0.046501 0.019130
0 0.699891 0.663727 0.050526 0.019799
0 0.501546 0.608305 0.044833 0.026756
0 0.468388 0.603600 0.046800 0.023932
0 0.433520 0.600310 0.041784 0.021752
0 0.397357 0.596242 0.048682 0.021426
0 0.354005 0.594302 0.052599 0.029482
0 0.309618 0.593015 0.063496 0.029788
0 0.273513 0.593651 0.061881 0.037648
0 0.237104 0.596522 0.041807 0.029170
0 0.215483 0.582531 0.037678 0.028064
2 0.238885 0.549519 0.037513 0.066604
2 0.278843 0.543001 0.045617 0.072199
2 0.320885 0.544309 0.036559 0.075323
2 0.360276 0.538669 0.044565 0.077913
2 0.396967 0.536457 0.040521 0.091994
2 0.439683 0.541045 0.045147 0.087764
2 0.477724 0.547521 0.041182 0.081206
2 0.517609 0.553189 0.037676 0.089639
2 0.554222 0.558350 0.034679 0.099294
2 0.586522 0.571689 0.033345 0.099138
2 0.622116 0.573293 0.039435 0.114793
2 0.659067 0.590845 0.038140 0.088455
2 0.697940 0.606187 0.036485 0.099581
2 0.732458 0.593830 0.036731 0.079626
2 0.650491 0.526339 0.033938 0.094218
2 0.680587 0.528802 0.028810 0.108103
2 0.616636 0.502718 0.041975 0.102109
2 0.579457 0.491500 0.034549 0.098364
2 0.542139 0.484828 0.033684 0.097349
2 0.501816 0.481343 0.044548 0.101654
2 0.461035 0.471870 0.038019 0.098451
2 0.421750 0.465182 0.038159 0.094619
2 0.383217 0.462019 0.041844 0.091488
2 0.339664 0.459233 0.043943 0.108223
2 0.297216 0.465121 0.044856 0.101808
2 0.253687 0.467373 0.041640 0.103584
2 0.211413 0.450217 0.041927 0.083586
2 0.244123 0.394047 0.035522 0.094460
2 0.281043 0.392891 0.034557 0.099099
2 0.319564 0.390455 0.032688 0.085604
2 0.360337 0.393554 0.037896 0.084299
2 0.400590 0.397583 0.033010 0.100744
2 0.440823 0.400246 0.039786 0.090934
2 0.480834 0.407858 0.043424 0.086701
2 0.520817 0.418821 0.032899 0.091680
2 0.557229 0.429899 0.035330 0.084902
2 0.723455 0.532218 0.039864 0.076868
2 0.702338 0.459958 0.031763 0.080482
2 0.736616 0.478400 0.028421 0.070886
2 0.696724 0.411511 0.032735 0.065775
2 0.728986 0.418711 0.030603 0.083476
2 0.665651 0.400778 0.052132 0.080394
2 0.626456 0.387115 0.043630 0.068665
2 0.590149 0.378669 0.051075 0.083800
2 0.551258 0.370196 0.038000 0.074883
2 0.513490 0.362592 0.043322 0.072081
2 0.471793 0.354853 0.038116 0.067898
2 0.432728 0.346111 0.044236 0.073534
2 0.393861 0.349294 0.043971 0.069986
2 0.355848 0.344348 0.045424 0.064728
2 0.309470 0.338332 0.046037 0.070796
2 0.265811 0.326917 0.045610 0.075651
2 0.229261 0.325926 0.034327 0.092121
2 0.264545 0.253038 0.081471 0.074698
2 0.320808 0.267377 0.056551 0.083835
2 0.294561 0.268402 0.039952 0.058532
2 0.368004 0.266863 0.045009 0.079121
2 0.406201 0.275030 0.057794 0.083640
2 0.449817 0.279111 0.051574 0.081257
2 0.489282 0.282544 0.052002 0.088998
2 0.524943 0.286711 0.050737 0.088625
2 0.565245 0.297580 0.041840 0.081754
2 0.605340 0.308269 0.048555 0.093337
2 0.643151 0.318798 0.051992 0.095576
2 0.680211 0.322662 0.045826 0.084805
2 0.722614 0.330214 0.059690 0.087367
2 0.633222 0.440449 0.029349 0.087156
2 0.596598 0.429974 0.036189 0.088292
2 0.670182 0.447409 0.040851 0.090688
2 0.206723 0.511858 0.030101 0.078823
