0 0.587672 0.376287 0.033400 0.027473
0 0.517750 0.363939 0.032298 0.025136
0 0.534968 0.368871 0.037025 0.027047
0 0.558401 0.369007 0.041975 0.026096
0 0.614854 0.379145 0.036792 0.020284
0 0.644604 0.378463 0.047733 0.028135
0 0.673617 0.380545 0.066524 0.033902
0 0.706885 0.382885 0.058177 0.026232
0 0.492175 0.358229 0.039488 0.026082
0 0.466955 0.357452 0.036500 0.023194
0 0.442767 0.347203 0.042819 0.027477
0 0.415972 0.342517 0.045553 0.025773
0 0.391780 0.341795 0.043726 0.032212
0 0.361133 0.346289 0.042543 0.031536
0 0.738850 0.394401 0.034185 0.033250
2 0.494863 0.417626 0.027621 0.091566
2 0.469020 0.409623 0.028008 0.082229
2 0.519809 0.426141 0.029981 0.094142
2 0.550383 0.426686 0.034417 0.083514
2 0.580540 0.431203 0.032470 0.094389
2 0.609109 0.437072 0.030497 0.096634
2 0.628671 0.439640 0.046328 0.106010
2 0.659579 0.442967 0.045297 0.100764
2 0.697416 0.445635 0.028832 0.095530
2 0.721710 0.446729 0.036807 0.099843
2 0.441496 0.406472 0.028537 0.093024
2 0.411738 0.392740 0.033544 0.084546
2 0.380945 0.399630 0.030392 0.091543
2 0.357092 0.400760 0.024817 0.073073
2 0.392641 0.454831 0.030061 0.112366
2 0.418276 0.458512 0.024404 0.090560
2 0.446125 0.467985 0.029955 0.087332
2 0.472260 0.478319 0.031985 0.088870
2 0.502251 0.485246 0.026936 0.085448
2 0.533533 0.488433 0.036434 0.091474
2 0.563221 0.493293 0.034357 0.093615
2 0.594727 0.501202 0.030657 0.086402
2 0.429159 0.525603 0.025630 0.088415
2 0.459007 0.533822 0.024440 0.076690
2 0.486949 0.537100 0.026993 0.077590
2 0.517195 0.547021 0.030407 0.089504
2 0.400534 0.511764 0.027905 0.072979
2 0.549974 0.551558 0.030789 0.083517
2 0.580422 0.555111 0.029272 0.083514
2 0.365751 0.502455 0.025683 0.077960
2 0.403203 0.568364 0.038911 0.086088
2 0.435584 0.581376 0.033208 0.085465
2 0.466626 0.592596 0.034002 0.087872
2 0.498295 0.595258 0.032185 0.088886
2 0.529136 0.597807 0.031006 0.099236
2 0.559635 0.606771 0.033228 0.078465
2 0.588202 0.613986 0.034150 0.079474
2 0.373442 0.559746 0.032777 0.074024
2 0.618083 0.617106 0.035518 0.079813
2 0.610688 0.560249 0.028733 0.078142
2 0.624288 0.505209 0.029655 0.087278
2 0.639474 0.563774 0.028059 0.079348
2 0.653537 0.507424 0.031391 0.090162
2 0.666856 0.570649 0.031064 0.083724
2 0.699666 0.566972 0.027384 0.077339
2 0.714890 0.510262 0.036428 0.089133
2 0.730442 0.573924 0.027088 0.079675
2 0.711711 0.625889 0.033877 0.082950
2 0.699608 0.686615 0.046404 0.079893
2 0.670175 0.680671 0.044323 0.085981
2 0.680968 0.626545 0.033021 0.090477
2 0.647319 0.620920 0.028669 0.080868
2 0.639315 0.675103 0.039002 0.083433
2 0.609860 0.671566 0.045479 0.085733
2 0.683561 0.508882 0.035272 0.090382
2 0.344243 0.546668 0.032323 0.082695
2 0.727700 0.683422 0.042273 0.062768
2 0.577911 0.668308 0.043990 0.075978
2 0.545810 0.662147 0.041937 0.078583
2 0.520883 0.660771 0.049191 0.084592
2 0.486476 0.654762 0.042030 0.079454
2 0.457821 0.646602 0.039931 0.087345
2 0.425350 0.638608 0.037690 0.077230
2 0.395372 0.625206 0.040538 0.081931
2 0.367364 0.617509 0.040295 0.081847
2 0.339607 0.609807 0.041316 0.084648
