0 0.398752 0.787054 0.017948 0.025995
0 0.395631 0.769846 0.022361 0.023130
0 0.398301 0.752727 0.019511 0.021835
0 0.399825 0.739089 0.018118 0.020684
0 0.404323 0.721299 0.018639 0.020169
0 0.402888 0.707683 0.018990 0.020745
0 0.401908 0.693552 0.018826 0.019869
0 0.398411 0.676274 0.016513 0.023016
0 0.396731 0.660445 0.019810 0.029165
0 0.391578 0.641372 0.012857 0.032334
0 0.389037 0.623912 0.019854 0.034516
0 0.389685 0.602710 0.019533 0.022718
0 0.390460 0.588447 0.014927 0.020222
0 0.393415 0.567680 0.012989 0.017892
0 0.395210 0.554193 0.021914 0.024973
0 0.401557 0.538475 0.025062 0.013324
3 0.428735 0.756178 0.046329 0.017216
3 0.432413 0.741280 0.046675 0.017570
3 0.429292 0.775095 0.053063 0.021373
3 0.432730 0.726959 0.047298 0.016612
3 0.434095 0.711697 0.047114 0.019451
3 0.434411 0.694268 0.048262 0.018708
3 0.427237 0.678531 0.052570 0.020147
3 0.427926 0.659648 0.047934 0.021365
3 0.421418 0.643819 0.053135 0.018557
3 0.423372 0.625897 0.044545 0.018445
3 0.422657 0.607673 0.048462 0.016861
3 0.423685 0.592099 0.043619 0.017169
3 0.419204 0.575366 0.046056 0.016580
3 0.421409 0.557375 0.043913 0.023399
3 0.439260 0.537645 0.054386 0.015191
3 0.452406 0.550398 0.033467 0.015564
3 0.451052 0.567131 0.043368 0.015898
3 0.454144 0.584621 0.047550 0.016574
3 0.457816 0.600340 0.043701 0.015972
3 0.455837 0.616097 0.047690 0.017838
3 0.457262 0.633813 0.045134 0.014492
3 0.457017 0.650175 0.047029 0.015290
3 0.459187 0.666852 0.042232 0.016329
3 0.461695 0.682685 0.040568 0.017456
3 0.464649 0.699376 0.041826 0.013149
3 0.465454 0.715392 0.042890 0.014984
3 0.463953 0.730387 0.043620 0.016260
3 0.464437 0.746100 0.051783 0.016132
3 0.463965 0.760636 0.045320 0.015559
3 0.463970 0.777967 0.049624 0.016469
3 0.497176 0.782840 0.054773 0.018691
3 0.429887 0.792007 0.042235 0.017329
3 0.496378 0.768283 0.055924 0.019621
3 0.499569 0.751536 0.049941 0.018793
3 0.499030 0.735555 0.051819 0.018524
3 0.501762 0.720936 0.050636 0.017901
3 0.495896 0.704832 0.051222 0.019339
3 0.495128 0.687532 0.050870 0.019766
3 0.495251 0.672547 0.055930 0.020034
3 0.492042 0.655806 0.052760 0.021243
3 0.493569 0.638397 0.050822 0.022509
3 0.490064 0.621461 0.053577 0.020707
3 0.486508 0.604774 0.052996 0.017550
3 0.488800 0.588379 0.049667 0.018336
3 0.485222 0.571126 0.053351 0.018368
3 0.480418 0.556312 0.054528 0.017768
3 0.481457 0.541189 0.051329 0.014108
3 0.475679 0.528990 0.046170 0.017452
3 0.518370 0.527083 0.041064 0.022095
3 0.515184 0.543560 0.042652 0.014361
3 0.518457 0.559670 0.043268 0.016976
3 0.521011 0.576529 0.044788 0.015318
3 0.519795 0.592769 0.044989 0.015598
3 0.525976 0.608240 0.046397 0.015797
3 0.524871 0.624677 0.044171 0.017859
3 0.524371 0.643207 0.050374 0.017832
3 0.526865 0.659118 0.050266 0.016866
3 0.530539 0.676441 0.050342 0.015838
3 0.530492 0.692443 0.048028 0.016564
3 0.531655 0.709638 0.045310 0.015266
3 0.531093 0.724288 0.043682 0.016585
3 0.531579 0.741163 0.046557 0.016459
3 0.532898 0.757227 0.045427 0.013953
3 0.534781 0.772246 0.048876 0.016676
3 0.540856 0.786677 0.046171 0.015054
3 0.566427 0.764288 0.045416 0.017386
3 0.566591 0.748062 0.052368 0.018429
3 0.569368 0.781278 0.042765 0.016734
3 0.565856 0.731511 0.053823 0.017954
3 0.565455 0.715182 0.049542 0.019466
3 0.564807 0.698414 0.051323 0.018452
3 0.563935 0.681187 0.048693 0.019194
3 0.563368 0.665022 0.050875 0.018973
3 0.560325 0.647887 0.054005 0.017387
3 0.557777 0.631478 0.053529 0.020286
3 0.559835 0.613537 0.047356 0.019987
3 0.558207 0.596596 0.050667 0.018398
3 0.554327 0.580095 0.056517 0.020760
3 0.550717 0.564664 0.055825 0.015812
3 0.549326 0.547364 0.054856 0.019140
3 0.550598 0.529495 0.060448 0.021608
3 0.584105 0.530761 0.041009 0.025534
3 0.585639 0.551233 0.043406 0.017472
3 0.588006 0.568194 0.046483 0.017893
3 0.590726 0.583398 0.048073 0.023089
3 0.594737 0.599232 0.046884 0.024453
3 0.593921 0.616640 0.048260 0.023456
3 0.593297 0.634933 0.047332 0.022868
3 0.595966 0.651591 0.048096 0.024404
3 0.597423 0.666585 0.054323 0.023878
3 0.599384 0.685661 0.050148 0.020557
3 0.599393 0.702107 0.048176 0.025089
3 0.601564 0.769971 0.041215 0.025107
3 0.602804 0.753420 0.044621 0.024240
3 0.603121 0.734524 0.048964 0.025808
3 0.601711 0.718780 0.047985 0.022957
