0 0.430092 0.772120 0.035965 0.022899
0 0.453595 0.772232 0.039472 0.022778
0 0.476231 0.772924 0.033444 0.025625
0 0.496357 0.774400 0.030864 0.017431
0 0.516762 0.774908 0.035184 0.027925
0 0.540539 0.777541 0.032573 0.021091
0 0.562269 0.778105 0.033026 0.023571
0 0.583378 0.778900 0.027467 0.019974
0 0.408485 0.774239 0.030171 0.022744
0 0.391690 0.774579 0.021774 0.021348
0 0.607078 0.779055 0.027433 0.019718
0 0.625372 0.781729 0.029595 0.022138
0 0.645389 0.787289 0.031094 0.026708
2 0.684007 0.758228 0.020574 0.040897
2 0.662794 0.758094 0.023595 0.049914
2 0.642338 0.753374 0.023468 0.054907
2 0.622021 0.750314 0.022915 0.052342
2 0.600432 0.746638 0.021599 0.054464
2 0.580767 0.745280 0.023349 0.044637
2 0.557323 0.742860 0.021947 0.046930
2 0.534294 0.742831 0.023814 0.048379
2 0.513177 0.742131 0.020796 0.045989
2 0.489598 0.742239 0.025264 0.047654
2 0.466564 0.739794 0.026802 0.048532
2 0.446668 0.739726 0.022571 0.049521
2 0.425147 0.739995 0.020326 0.046805
2 0.405443 0.742671 0.023325 0.044264
2 0.381792 0.740604 0.023020 0.055971
2 0.380784 0.699937 0.026554 0.053579
2 0.401154 0.699020 0.025418 0.065347
2 0.421928 0.700589 0.023987 0.061854
2 0.445320 0.701179 0.024964 0.066961
2 0.490063 0.699745 0.028345 0.072650
2 0.465822 0.702337 0.026945 0.061519
2 0.510993 0.698442 0.024123 0.062351
2 0.531274 0.701274 0.026198 0.064702
2 0.553194 0.703785 0.026114 0.074014
2 0.576454 0.702878 0.024219 0.061978
2 0.599671 0.703776 0.025497 0.065357
2 0.620401 0.708299 0.023094 0.063668
2 0.640505 0.708333 0.026374 0.065148
2 0.661678 0.709700 0.021158 0.060096
2 0.682544 0.720475 0.022541 0.051054
2 0.694751 0.721678 0.023302 0.061230
2 0.696819 0.666420 0.029715 0.051329
2 0.677748 0.667495 0.022664 0.054182
2 0.658388 0.664664 0.022816 0.059145
2 0.637102 0.663838 0.020443 0.056911
2 0.614797 0.658127 0.024673 0.065539
2 0.592784 0.653720 0.022990 0.069059
2 0.571822 0.654632 0.022702 0.070569
2 0.549097 0.658665 0.018890 0.056344
2 0.527441 0.659359 0.022466 0.049453
2 0.506625 0.659845 0.020249 0.054654
2 0.484298 0.652482 0.022346 0.065395
2 0.460689 0.652572 0.020448 0.067678
2 0.436934 0.653906 0.023813 0.066248
2 0.418628 0.650878 0.019900 0.067074
2 0.398191 0.651281 0.020557 0.064455
2 0.417117 0.603362 0.023913 0.062365
2 0.440119 0.604769 0.028512 0.065261
2 0.461056 0.611075 0.030058 0.072403
2 0.481091 0.612602 0.024796 0.067152
2 0.504187 0.615309 0.023421 0.062007
2 0.525593 0.614446 0.024551 0.065491
2 0.545857 0.614345 0.026111 0.065242
2 0.570314 0.611134 0.026486 0.060441
2 0.593131 0.612973 0.028650 0.060690
2 0.615067 0.611232 0.027200 0.062439
2 0.636872 0.619707 0.024314 0.067497
2 0.658580 0.617528 0.027184 0.065279
2 0.679143 0.619006 0.023794 0.065269
2 0.697235 0.619924 0.019456 0.058129
2 0.699183 0.570389 0.023420 0.064241
2 0.675106 0.573067 0.020938 0.066077
2 0.652182 0.571793 0.024779 0.059472
2 0.629058 0.573882 0.018780 0.054746
2 0.608193 0.568356 0.018436 0.052925
2 0.584421 0.567818 0.019652 0.054741
2 0.561664 0.575546 0.021223 0.049521
2 0.540372 0.571174 0.019154 0.054564
2 0.516847 0.570226 0.019978 0.055365
2 0.495572 0.571320 0.019949 0.055798
2 0.475873 0.569270 0.020554 0.056643
2 0.452171 0.564748 0.020949 0.051812
2 0.429399 0.562718 0.020036 0.054943
2 0.408687 0.559146 0.018356 0.063775
2 0.393988 0.601512 0.027394 0.061584
2 0.706017 0.528121 0.045259 0.067118
2 0.682651 0.530491 0.036912 0.069892
2 0.656622 0.530704 0.043847 0.066830
2 0.634122 0.531384 0.039387 0.070759
2 0.611562 0.530624 0.036906 0.070981
2 0.584409 0.527958 0.038232 0.072121
2 0.563696 0.529042 0.035407 0.072036
2 0.541893 0.522198 0.037981 0.072640
2 0.521892 0.522691 0.039842 0.071927
2 0.499436 0.520446 0.040917 0.070709
2 0.477283 0.518538 0.037972 0.067745
2 0.451385 0.517826 0.034813 0.067018
2 0.429954 0.510523 0.039138 0.072727
