0 0.766014 0.431378 0.043494 0.091476
0 0.765666 0.490500 0.059475 0.106949
0 0.747571 0.554173 0.062220 0.091943
0 0.728758 0.633998 0.080079 0.111074
0 0.683511 0.677200 0.056187 0.075805
0 0.642719 0.714582 0.067092 0.064022
0 0.592461 0.731253 0.079067 0.066449
0 0.542732 0.734006 0.076266 0.066050
0 0.489717 0.737868 0.072497 0.050888
0 0.733254 0.384072 0.048671 0.068745
0 0.678391 0.390700 0.092373 0.093718
0 0.633959 0.405960 0.093217 0.078561
0 0.587707 0.423088 0.091092 0.074580
0 0.540925 0.432849 0.081740 0.068650
0 0.494901 0.428689 0.076274 0.072717
0 0.447199 0.421701 0.068575 0.080133
0 0.405449 0.396834 0.055119 0.074820
0 0.366721 0.370417 0.047284 0.060499
