1 0.757176 0.483381 0.055900 0.039740
1 0.822518 0.533120 0.059425 0.047757
1 0.813756 0.495892 0.040277 0.044433
1 0.802480 0.452154 0.022077 0.115404
1 0.788068 0.454065 0.019860 0.089105
1 0.771599 0.460200 0.027915 0.064215
1 0.762290 0.506860 0.051153 0.034453
1 0.770792 0.533540 0.034580 0.045048
1 0.779917 0.574230 0.018060 0.107952
1 0.821415 0.548682 0.056369 0.051950
1 0.806932 0.564896 0.035971 0.089285
1 0.794427 0.573931 0.016748 0.095153
1 0.717752 0.503328 0.068183 0.052918
1 0.720261 0.518435 0.074972 0.037631
1 0.723044 0.549145 0.067161 0.048598
1 0.754956 0.626408 0.035923 0.090758
1 0.738927 0.606914 0.050044 0.090253
1 0.743376 0.620864 0.053644 0.105336
1 0.823170 0.662349 0.016003 0.114807
1 0.793288 0.657587 0.027364 0.113126
1 0.804685 0.673162 0.026046 0.144772
1 0.726948 0.386802 0.053097 0.104109
1 0.722308 0.414342 0.053194 0.088282
1 0.723637 0.396350 0.060930 0.117875
1 0.825096 0.417970 0.028851 0.089969
1 0.837825 0.421754 0.040887 0.099404
1 0.839434 0.441643 0.040264 0.070321
1 0.862999 0.481466 0.062447 0.044805
1 0.858047 0.542277 0.058921 0.057981
1 0.863970 0.514974 0.068267 0.045396
1 0.852904 0.614207 0.047782 0.071081
1 0.857138 0.644134 0.063224 0.103864
1 0.850674 0.654184 0.052584 0.107901
1 0.778386 0.356932 0.027669 0.133183
1 0.755695 0.377948 0.028265 0.127198
1 0.767058 0.364871 0.031029 0.138614
1 0.777263 0.272775 0.017161 0.087997
1 0.814102 0.274466 0.021923 0.137830
1 0.825062 0.287488 0.034624 0.138949
1 0.834936 0.298541 0.044952 0.123616
1 0.843550 0.321813 0.035988 0.103962
1 0.800755 0.269452 0.021191 0.135011
1 0.782812 0.277046 0.026669 0.101440
1 0.787987 0.265223 0.020836 0.121357
1 0.878414 0.393259 0.035661 0.094856
1 0.889896 0.396903 0.043260 0.089647
1 0.897747 0.407075 0.061073 0.082124
1 0.901520 0.427290 0.063344 0.052351
1 0.907247 0.448564 0.052693 0.045960
1 0.911638 0.492494 0.060470 0.042496
1 0.909653 0.473346 0.057209 0.036655
1 0.896667 0.551617 0.030861 0.039958
1 0.906525 0.560195 0.041756 0.034368
1 0.912912 0.573975 0.051549 0.037950
1 0.915063 0.603677 0.058219 0.043344
1 0.917515 0.628165 0.065327 0.053381
1 0.916499 0.654091 0.061303 0.076558
1 0.911858 0.672886 0.059178 0.087000
1 0.905417 0.684735 0.048017 0.097181
1 0.873861 0.753667 0.049219 0.107892
1 0.868595 0.765632 0.045826 0.115672
1 0.858935 0.779964 0.032592 0.131916
1 0.848051 0.779338 0.027687 0.130429
1 0.821523 0.779589 0.025828 0.122256
1 0.837540 0.783087 0.017756 0.127878
1 0.794212 0.753053 0.025044 0.107033
1 0.787370 0.766108 0.027573 0.139635
1 0.772961 0.767092 0.022172 0.138485
1 0.757463 0.765641 0.020425 0.137022
1 0.745465 0.757160 0.030478 0.125497
1 0.738913 0.734431 0.038498 0.110569
1 0.733289 0.716266 0.037697 0.094745
1 0.671414 0.618811 0.063143 0.048289
1 0.671908 0.582247 0.064737 0.046887
1 0.677545 0.639146 0.059474 0.080172
1 0.686083 0.657205 0.046535 0.079299
1 0.670296 0.560616 0.063893 0.048880
1 0.674695 0.548640 0.057498 0.053241
1 0.707508 0.761322 0.019716 0.136394
1 0.670938 0.719040 0.075077 0.067927
1 0.678272 0.486718 0.034166 0.040412
1 0.668381 0.472361 0.050588 0.055789
1 0.660318 0.453688 0.060347 0.053292
1 0.659080 0.413504 0.063167 0.051380
1 0.663238 0.395779 0.060136 0.079099
1 0.667338 0.370511 0.054973 0.085907
1 0.678249 0.364278 0.040615 0.070468
1 0.749785 0.267568 0.016429 0.117672
1 0.696277 0.309607 0.037188 0.057012
1 0.699028 0.286192 0.044002 0.105165
1 0.705127 0.265162 0.043427 0.115615
1 0.716385 0.261322 0.029177 0.123841
1 0.727324 0.261861 0.022939 0.121432
1 0.738172 0.261110 0.014095 0.113372
1 0.665424 0.243636 0.034644 0.144597
1 0.642412 0.317833 0.077624 0.071147
1 0.592134 0.154036 0.052645 0.124163
1 0.638831 0.140030 0.032655 0.150149
1 0.615385 0.152781 0.026903 0.115804
1 0.576292 0.193850 0.078392 0.072439
1 0.581194 0.235168 0.065685 0.053471
1 0.585421 0.282049 0.063121 0.058823
1 0.592198 0.337937 0.070298 0.071607
1 0.591662 0.376114 0.065719 0.063135
1 0.591142 0.409029 0.069311 0.045767
1 0.593965 0.445326 0.063774 0.042484
1 0.644223 0.513330 0.053838 0.067257
1 0.598849 0.483542 0.058934 0.060895
1 0.615705 0.694829 0.062252 0.062416
1 0.612313 0.658964 0.062115 0.053199
1 0.608278 0.619254 0.061077 0.044300
1 0.605445 0.545734 0.061920 0.071622
1 0.627158 0.830738 0.057470 0.066595
1 0.626628 0.793382 0.061019 0.051588
1 0.623478 0.750081 0.060636 0.042557
1 0.653643 0.876919 0.025158 0.121416
1 0.676623 0.879618 0.025950 0.127532
1 0.696219 0.883756 0.029329 0.131360
1 0.726362 0.883396 0.036436 0.137442
1 0.748911 0.893906 0.033816 0.134930
1 0.767341 0.898857 0.028150 0.125081
1 0.785190 0.902232 0.026785 0.111636
1 0.808215 0.822248 0.029366 0.105184
1 0.806210 0.915877 0.019995 0.090570
1 0.828534 0.898234 0.035372 0.109926
1 0.849783 0.904061 0.026611 0.114794
1 0.869720 0.901580 0.024984 0.107162
1 0.883247 0.897950 0.024884 0.112883
1 0.898210 0.893655 0.031482 0.110933
1 0.908188 0.801723 0.032750 0.128796
1 0.933632 0.740111 0.071734 0.048407
1 0.966333 0.879224 0.042666 0.096542
1 0.925544 0.889227 0.025825 0.122018
1 0.946484 0.892847 0.026800 0.115634
1 0.976375 0.832189 0.047249 0.069089
1 0.975666 0.806215 0.048668 0.046731
1 0.976521 0.767306 0.046958 0.044783
1 0.972043 0.721586 0.055913 0.082632
1 0.974380 0.693532 0.051241 0.047461
1 0.974150 0.658737 0.051701 0.040223
1 0.974549 0.621707 0.050903 0.038241
1 0.971176 0.579415 0.054289 0.041796
1 0.930101 0.546966 0.059947 0.059599
1 0.967723 0.523517 0.054507 0.061301
1 0.967377 0.479611 0.058288 0.051285
1 0.962510 0.443012 0.056266 0.045786
1 0.958745 0.402124 0.054089 0.044190
1 0.949879 0.365336 0.063175 0.049852
1 0.899493 0.329597 0.083257 0.062926
1 0.867822 0.282461 0.024114 0.141738
1 0.941899 0.312898 0.066866 0.064670
1 0.943077 0.270977 0.060933 0.045366
1 0.941375 0.231254 0.057120 0.058661
1 0.919890 0.190985 0.036357 0.119189
1 0.896766 0.178643 0.034622 0.123969
1 0.876132 0.174449 0.040606 0.119937
1 0.855153 0.169812 0.037248 0.121579
1 0.839891 0.162524 0.026677 0.104219
1 0.819375 0.150765 0.026963 0.103486
1 0.772776 0.226071 0.036233 0.103633
1 0.800133 0.148504 0.025896 0.113686
1 0.778629 0.128312 0.021883 0.093248
1 0.753477 0.147218 0.033924 0.109480
1 0.732131 0.144355 0.021168 0.107922
1 0.712044 0.139228 0.023439 0.116632
1 0.692689 0.140341 0.029640 0.119987
1 0.679737 0.142199 0.029175 0.128944
1 0.667138 0.157398 0.030316 0.109912
1 0.679883 0.072654 0.024225 0.059722
1 0.656496 0.071340 0.024822 0.060130
1 0.628375 0.077483 0.026388 0.075892
1 0.603854 0.073744 0.023024 0.071200
1 0.540105 0.075420 0.044230 0.084421
1 0.550336 0.076266 0.033487 0.084075
1 0.566557 0.065395 0.022313 0.059594
1 0.581499 0.075017 0.021533 0.076885
0 0.494718 0.042690 0.016906 0.022529
1 0.702412 0.074392 0.019946 0.060038
1 0.723528 0.072791 0.022950 0.054210
1 0.747592 0.085677 0.022496 0.076978
1 0.766982 0.080711 0.022387 0.064550
1 0.792263 0.088209 0.023110 0.076268
1 0.815436 0.082432 0.025782 0.061664
1 0.838241 0.086709 0.017298 0.066977
1 0.857085 0.093925 0.021131 0.079286
1 0.879205 0.097569 0.021497 0.083171
1 0.901446 0.094917 0.021749 0.075194
1 0.915499 0.086878 0.017763 0.056778
1 0.969107 0.113298 0.038217 0.101556
1 0.953181 0.105682 0.026123 0.089669
1 0.923138 0.093245 0.015335 0.068304
1 0.937389 0.098247 0.018658 0.076968
1 0.977113 0.145829 0.043025 0.062381
1 0.976645 0.177160 0.046710 0.039616
1 0.977103 0.207468 0.045795 0.042440
1 0.978713 0.238687 0.042574 0.054728
1 0.978955 0.274143 0.042090 0.057435
1 0.979809 0.310586 0.040383 0.043255
1 0.986811 0.392783 0.026378 0.039039
1 0.983104 0.353014 0.033792 0.040408
1 0.989062 0.439116 0.021876 0.039043
1 0.991292 0.477830 0.017417 0.034575
1 0.990906 0.518289 0.018189 0.039730
1 0.990359 0.562136 0.019281 0.034080
1 0.977442 0.959168 0.018681 0.081664
1 0.990845 0.962619 0.018310 0.074762
1 0.939049 0.959907 0.018737 0.080186
1 0.959294 0.959790 0.020293 0.080420
1 0.920292 0.961777 0.020986 0.076445
1 0.898872 0.963810 0.022392 0.072380
1 0.878724 0.970160 0.018500 0.059680
1 0.859138 0.968169 0.019302 0.063663
1 0.836263 0.963475 0.024228 0.073050
1 0.816754 0.959608 0.018797 0.080785
1 0.796518 0.964436 0.021875 0.071129
1 0.775003 0.968734 0.022999 0.062532
1 0.752981 0.969144 0.020702 0.061712
1 0.729157 0.963178 0.021025 0.073645
1 0.706172 0.956767 0.023565 0.086466
1 0.682296 0.958906 0.025173 0.082189
1 0.662947 0.960002 0.023657 0.079996
1 0.642050 0.957428 0.029869 0.085143
1 0.620729 0.955543 0.027503 0.088914
1 0.604453 0.955812 0.032967 0.088376
0 0.565740 0.979572 0.008715 0.040856
1 0.586454 0.931023 0.054865 0.064552
1 0.584617 0.901101 0.058639 0.046848
1 0.583410 0.864201 0.061986 0.045930
1 0.580162 0.830154 0.066422 0.049599
1 0.576920 0.793733 0.057679 0.059220
1 0.574458 0.750152 0.059389 0.052223
1 0.570337 0.709973 0.066004 0.060366
1 0.565215 0.670577 0.057618 0.044848
1 0.560504 0.624496 0.055719 0.053653
1 0.556496 0.578553 0.057716 0.059368
1 0.551601 0.539304 0.059887 0.046732
1 0.552004 0.499328 0.067832 0.053594
1 0.548158 0.457806 0.062229 0.049693
1 0.542572 0.410276 0.058414 0.051342
1 0.541710 0.364700 0.064434 0.057178
1 0.539758 0.322949 0.065756 0.059198
1 0.537102 0.282659 0.061920 0.055317
1 0.532323 0.241384 0.060381 0.050726
1 0.527467 0.201627 0.057049 0.051958
1 0.527326 0.156440 0.066908 0.051667
1 0.523670 0.115208 0.068905 0.055692
1 0.521719 0.086300 0.070418 0.082972
