0 0.537416 0.677947 0.026350 0.040222
0 0.519861 0.696097 0.027156 0.032000
0 0.495629 0.702263 0.026644 0.021924
0 0.470561 0.705317 0.033565 0.019199
0 0.445742 0.706219 0.034578 0.020698
0 0.421559 0.707948 0.031462 0.017298
0 0.406638 0.712635 0.022806 0.010773
3 0.420829 0.642618 0.028294 0.051640
3 0.398531 0.640320 0.024340 0.047915
3 0.373875 0.641800 0.025288 0.042075
3 0.346182 0.642335 0.022789 0.041495
3 0.320110 0.647220 0.024967 0.048009
3 0.294937 0.648118 0.028746 0.043796
3 0.272061 0.649188 0.023910 0.047968
3 0.247097 0.654712 0.025070 0.044511
3 0.446727 0.643644 0.027468 0.050896
3 0.472593 0.644139 0.024820 0.046782
3 0.498113 0.643023 0.026652 0.045549
3 0.522869 0.641272 0.022854 0.041701
3 0.544210 0.637579 0.022207 0.037443
3 0.473370 0.677377 0.028641 0.035564
3 0.435581 0.679672 0.034614 0.036975
3 0.406168 0.599567 0.023961 0.044813
3 0.430268 0.600808 0.024332 0.046610
3 0.457702 0.603159 0.030709 0.048442
3 0.482994 0.603429 0.026112 0.046550
3 0.507541 0.605886 0.024587 0.052994
3 0.530605 0.601021 0.024425 0.049072
3 0.553696 0.602361 0.022738 0.052001
0 0.555571 0.661099 0.027701 0.041609
0 0.565666 0.633791 0.033407 0.039661
3 0.379782 0.603702 0.023208 0.047027
3 0.352688 0.602919 0.028081 0.046317
3 0.327618 0.606020 0.028044 0.040505
3 0.301100 0.608105 0.025257 0.046253
3 0.275454 0.610761 0.027494 0.044318
3 0.252083 0.615191 0.024166 0.048085
3 0.225880 0.608606 0.025615 0.061285
3 0.244975 0.568380 0.027086 0.068480
3 0.299854 0.565742 0.026583 0.059987
3 0.323119 0.563799 0.024687 0.060093
3 0.348775 0.560923 0.025128 0.062244
3 0.374367 0.559903 0.028164 0.055538
3 0.400142 0.560732 0.025157 0.054714
3 0.424027 0.558393 0.027358 0.054169
3 0.452648 0.558833 0.024163 0.056980
3 0.479860 0.558432 0.023904 0.057949
3 0.503595 0.558793 0.026546 0.055573
3 0.527069 0.556109 0.025658 0.063252
3 0.552647 0.557916 0.024763 0.058477
3 0.460752 0.525764 0.025108 0.050653
3 0.432830 0.524548 0.026460 0.052280
3 0.406949 0.524354 0.028167 0.052032
3 0.384648 0.522644 0.027762 0.049546
3 0.356513 0.526424 0.026453 0.050632
3 0.484905 0.526334 0.023172 0.042203
3 0.508542 0.526176 0.026271 0.039214
3 0.535082 0.523358 0.021936 0.038871
3 0.560480 0.527883 0.026685 0.041280
3 0.329706 0.526166 0.026128 0.045832
3 0.271379 0.568316 0.026401 0.062434
3 0.302366 0.528887 0.025737 0.049266
3 0.277857 0.531449 0.026357 0.041365
3 0.253602 0.535404 0.021820 0.038967
3 0.245560 0.505464 0.025489 0.054417
3 0.273077 0.501585 0.027312 0.048294
3 0.297253 0.497122 0.025482 0.048326
3 0.324477 0.492404 0.027965 0.040760
3 0.352427 0.490022 0.028585 0.042462
3 0.376365 0.487563 0.026225 0.039412
3 0.403612 0.487509 0.023855 0.046324
3 0.428458 0.486634 0.025214 0.044852
3 0.531523 0.495589 0.022201 0.042292
3 0.478850 0.490937 0.029012 0.046950
3 0.454825 0.488176 0.028220 0.042938
3 0.554032 0.492997 0.028558 0.045182
3 0.434966 0.449249 0.026288 0.039200
3 0.409144 0.447842 0.033079 0.045241
3 0.380881 0.450592 0.027941 0.046850
3 0.355998 0.450952 0.028217 0.042277
3 0.331407 0.451738 0.026115 0.046621
3 0.460162 0.450525 0.032250 0.048474
3 0.485589 0.449606 0.028661 0.048959
3 0.511993 0.451201 0.024770 0.043512
3 0.304578 0.454326 0.026980 0.046744
3 0.277846 0.460770 0.027782 0.046507
3 0.270642 0.423170 0.028157 0.053656
3 0.296291 0.422250 0.027080 0.045054
3 0.323774 0.419338 0.023450 0.038037
3 0.251013 0.460482 0.026228 0.047777
3 0.349672 0.418634 0.030699 0.042168
3 0.375762 0.419172 0.031007 0.041351
3 0.403387 0.416100 0.023016 0.037697
3 0.427764 0.415964 0.025625 0.043335
3 0.455920 0.416891 0.027600 0.049560
3 0.480822 0.414975 0.025214 0.044259
3 0.506713 0.415473 0.026231 0.044937
3 0.532666 0.417285 0.030746 0.047650
3 0.567963 0.372154 0.020669 0.055774
3 0.541256 0.376093 0.028979 0.057716
3 0.513948 0.375691 0.030583 0.046645
3 0.487093 0.376800 0.026758 0.042659
3 0.460628 0.375209 0.028949 0.045156
3 0.435554 0.376671 0.028896 0.043324
3 0.409669 0.376753 0.028866 0.047866
3 0.383070 0.379486 0.026931 0.046709
3 0.358401 0.378424 0.028127 0.043841
3 0.331094 0.379415 0.027169 0.043066
3 0.303752 0.382012 0.034070 0.046532
3 0.276351 0.378263 0.027812 0.044636
3 0.481679 0.341838 0.027096 0.041234
3 0.457226 0.345530 0.026841 0.044407
3 0.430655 0.344703 0.026539 0.042525
3 0.403169 0.344698 0.024448 0.046816
3 0.380088 0.345834 0.025194 0.044629
3 0.351961 0.344705 0.030119 0.047803
3 0.507565 0.342462 0.027792 0.049838
3 0.535046 0.337212 0.028727 0.049635
3 0.561224 0.336543 0.030550 0.057706
3 0.561993 0.286615 0.027660 0.053291
3 0.540304 0.289247 0.029832 0.060664
3 0.517662 0.294312 0.032393 0.066053
3 0.494758 0.293843 0.035277 0.063506
3 0.470398 0.295725 0.036142 0.059772
3 0.444566 0.298103 0.035336 0.060946
3 0.415355 0.300448 0.037365 0.057784
3 0.391863 0.301926 0.038634 0.061827
3 0.364414 0.301368 0.039407 0.060433
3 0.339010 0.298822 0.040650 0.055743
3 0.323572 0.342997 0.028793 0.048460
3 0.296970 0.347577 0.024770 0.044403
3 0.269749 0.345528 0.026075 0.040378
3 0.310744 0.297476 0.036542 0.056777
3 0.286323 0.298716 0.032463 0.057901
3 0.505108 0.491277 0.027630 0.047026
