1 0.522621 0.265651 0.033328 0.048477
1 0.481107 0.210814 0.039993 0.050383
1 0.513768 0.216449 0.039993 0.037125
1 0.551762 0.224073 0.102650 0.025855
1 0.550095 0.234183 0.079320 0.020220
1 0.543763 0.251750 0.055991 0.021546
1 0.501770 0.262598 0.030662 0.044931
1 0.478774 0.257054 0.040660 0.033478
1 0.443113 0.249762 0.095984 0.019557
1 0.467109 0.212945 0.043993 0.046785
1 0.452112 0.226393 0.077987 0.027181
1 0.443446 0.241143 0.084653 0.017568
1 0.503770 0.302797 0.045326 0.058007
1 0.489106 0.301139 0.031995 0.065300
1 0.461777 0.299648 0.042660 0.059665
1 0.395788 0.278102 0.081320 0.036462
1 0.411785 0.290864 0.081320 0.050052
1 0.400120 0.287383 0.095318 0.054361
1 0.366126 0.221918 0.101983 0.018231
1 0.369650 0.244488 0.101033 0.029441
1 0.356128 0.237193 0.128645 0.031435
1 0.607123 0.285229 0.090578 0.040771
1 0.582090 0.291761 0.076654 0.041068
1 0.598421 0.289921 0.102650 0.048063
1 0.583251 0.199805 0.080653 0.030456
1 0.580251 0.190338 0.089318 0.041434
1 0.562921 0.189344 0.063989 0.040771
1 0.528927 0.171776 0.038660 0.056018
1 0.474269 0.178903 0.049325 0.050383
1 0.499931 0.172363 0.040660 0.060148
1 0.410280 0.190007 0.061323 0.038119
1 0.383951 0.187852 0.089985 0.049720
1 0.374619 0.195161 0.093984 0.041069
1 0.635533 0.237075 0.117399 0.016905
1 0.616201 0.260776 0.112069 0.019888
1 0.628127 0.248677 0.122413 0.020220
1 0.710563 0.231275 0.077987 0.016573
1 0.710230 0.199454 0.122646 0.024529
1 0.699232 0.191498 0.123313 0.037788
1 0.689567 0.183377 0.110648 0.047400
1 0.669570 0.177194 0.093318 0.037788
1 0.714276 0.209678 0.119886 0.023866
1 0.706897 0.229400 0.089319 0.020220
1 0.717616 0.221829 0.107255 0.018285
1 0.607635 0.150289 0.085440 0.037516
1 0.604514 0.141750 0.080856 0.043451
1 0.596037 0.135481 0.074335 0.058151
1 0.578214 0.133319 0.048253 0.057287
1 0.560000 0.129353 0.040000 0.047264
1 0.520615 0.128239 0.035646 0.051882
1 0.538677 0.128671 0.032646 0.051018
1 0.467551 0.146341 0.036081 0.029616
1 0.460379 0.138342 0.031299 0.038695
1 0.448859 0.133803 0.034342 0.046478
1 0.423234 0.133154 0.038643 0.051234
1 0.400389 0.132073 0.045210 0.056422
1 0.377566 0.135100 0.065641 0.051234
1 0.360613 0.140828 0.075205 0.047991
1 0.349745 0.148070 0.084769 0.037398
1 0.287554 0.181273 0.093897 0.037182
1 0.276469 0.186029 0.101288 0.034588
1 0.263210 0.195865 0.116502 0.020969
1 0.263428 0.205809 0.115198 0.016646
1 0.262558 0.229156 0.108243 0.020104
1 0.259817 0.218023 0.113193 0.013403
1 0.284623 0.251158 0.094332 0.017943
1 0.272668 0.259157 0.123458 0.017510
1 0.271147 0.276018 0.123023 0.021401
1 0.272234 0.285098 0.121719 0.022698
1 0.279406 0.295150 0.111721 0.033723
1 0.299186 0.299906 0.099114 0.041073
1 0.314835 0.303256 0.085203 0.038263
1 0.399185 0.350755 0.044340 0.056258
1 0.430484 0.349159 0.040863 0.056854
1 0.381250 0.347015 0.072500 0.054726
1 0.365495 0.341701 0.071727 0.045829
1 0.450456 0.349267 0.040912 0.054909
1 0.461783 0.344404 0.046079 0.048207
1 0.273771 0.329406 0.121284 0.023294
1 0.308983 0.359103 0.059555 0.069392
1 0.516490 0.336171 0.036081 0.031415
1 0.528731 0.343988 0.050723 0.046478
1 0.544762 0.349717 0.049090 0.054909
1 0.579523 0.349186 0.045645 0.055576
1 0.596477 0.343772 0.068250 0.050801
1 0.619299 0.338043 0.074770 0.044965
1 0.624950 0.327450 0.060859 0.031129
1 0.713528 0.257489 0.104331 0.016429
1 0.674187 0.307642 0.049122 0.030265
1 0.695270 0.303426 0.092159 0.033075
1 0.714180 0.296509 0.101288 0.031778
1 0.718093 0.287213 0.109112 0.020537
1 0.718093 0.276513 0.107373 0.016429
1 0.718962 0.265488 0.100418 0.012971
1 0.731649 0.331205 0.127210 0.023779
1 0.663750 0.356343 0.062500 0.068408
1 0.808090 0.388965 0.108243 0.039128
1 0.822436 0.345189 0.133456 0.032426
1 0.810264 0.369345 0.102157 0.018270
1 0.772226 0.406367 0.061729 0.065717
1 0.735059 0.404529 0.046514 0.056854
1 0.693544 0.403448 0.051296 0.055557
1 0.645074 0.402692 0.061294 0.059232
1 0.610949 0.405610 0.053904 0.055557
1 0.580954 0.408312 0.039993 0.060529
1 0.549655 0.408420 0.038255 0.056422
1 0.490492 0.368237 0.059555 0.046879
1 0.516358 0.406485 0.054774 0.053828
1 0.329650 0.406809 0.056078 0.056638
1 0.360079 0.407133 0.046514 0.055557
1 0.395074 0.408322 0.038254 0.052747
1 0.461149 0.405836 0.061729 0.052531
1 0.208965 0.405939 0.060425 0.052098
1 0.241350 0.403670 0.045210 0.054044
1 0.279822 0.404102 0.036950 0.052315
1 0.168971 0.386996 0.108243 0.030320
1 0.167232 0.368649 0.113459 0.024644
1 0.164407 0.348328 0.116502 0.024644
1 0.166250 0.322139 0.122500 0.037313
1 0.157562 0.302887 0.119980 0.035020
1 0.153867 0.286890 0.110851 0.030265
1 0.151911 0.271001 0.099114 0.027022
1 0.224076 0.245546 0.093028 0.027671
1 0.140611 0.253004 0.079987 0.019240
1 0.157565 0.231386 0.098245 0.035237
1 0.153001 0.214548 0.102157 0.026111
1 0.155826 0.196798 0.094767 0.023996
1 0.159811 0.182314 0.099839 0.017943
1 0.164303 0.168047 0.097810 0.024860
1 0.246150 0.154879 0.113894 0.027906
1 0.302010 0.126677 0.042167 0.061826
1 0.180055 0.108110 0.084334 0.032426
1 0.169404 0.145832 0.108243 0.024428
1 0.166796 0.124971 0.102157 0.019023
1 0.213745 0.087357 0.076074 0.057070
1 0.242436 0.088654 0.047383 0.051018
1 0.279604 0.090383 0.039124 0.043235
1 0.320032 0.087897 0.071292 0.052098
1 0.345000 0.083333 0.040000 0.049751
1 0.376327 0.080871 0.035212 0.052747
1 0.409147 0.080439 0.033038 0.047991
1 0.446098 0.082168 0.037385 0.047991
1 0.473536 0.115554 0.052165 0.051666
1 0.495706 0.080533 0.053035 0.046045
1 0.534612 0.077939 0.044775 0.050369
1 0.567216 0.079560 0.039559 0.048856
1 0.603297 0.079885 0.038689 0.048207
1 0.635000 0.085199 0.045000 0.055970
1 0.663939 0.128740 0.057382 0.076310
1 0.705454 0.152736 0.126501 0.030913
1 0.681327 0.087775 0.055643 0.057070
1 0.719364 0.084965 0.039559 0.053612
1 0.753750 0.083955 0.052500 0.050995
1 0.788746 0.099275 0.106504 0.039268
1 0.798745 0.118768 0.110851 0.035885
1 0.801570 0.136711 0.107808 0.043235
1 0.805048 0.154546 0.108678 0.037398
1 0.810699 0.168273 0.093028 0.028103
1 0.820263 0.185783 0.092159 0.028968
1 0.751358 0.231301 0.092159 0.033075
1 0.821564 0.202874 0.101288 0.027238
1 0.838735 0.221249 0.082595 0.020321
1 0.820694 0.245784 0.097810 0.034804
1 0.822433 0.261673 0.096071 0.020321
1 0.826128 0.279724 0.103461 0.020104
1 0.824364 0.299072 0.106120 0.022482
1 0.822027 0.310962 0.113402 0.019023
1 0.808095 0.322896 0.096506 0.021834
1 0.908750 0.303483 0.102500 0.029851
1 0.908750 0.327114 0.102500 0.032338
1 0.901263 0.351972 0.115352 0.031562
1 0.902861 0.368942 0.109547 0.028751
1 0.897428 0.431548 0.116937 0.038263
1 0.899384 0.420847 0.121719 0.025076
1 0.910034 0.404833 0.101287 0.025976
1 0.902209 0.385884 0.116937 0.027555
0 0.941116 0.456542 0.032169 0.022862
0 0.928509 0.466785 0.034777 0.018807
0 0.906557 0.467865 0.028256 0.016213
1 0.907660 0.281406 0.102157 0.027022
1 0.910703 0.261626 0.097810 0.028103
1 0.899401 0.241305 0.116937 0.024644
1 0.905270 0.223903 0.106939 0.026590
1 0.897119 0.201536 0.112590 0.029400
1 0.900814 0.182621 0.094767 0.023563
1 0.897553 0.163397 0.098679 0.028720
1 0.891371 0.145874 0.108243 0.028968
1 0.887676 0.126851 0.109547 0.022482
1 0.890067 0.108800 0.100418 0.024428
1 0.896805 0.096176 0.082595 0.020277
1 0.876591 0.048163 0.124762 0.043235
1 0.882459 0.061133 0.113025 0.033291
1 0.893544 0.087507 0.096940 0.020321
1 0.886589 0.076374 0.097810 0.021834
0 0.922317 0.027932 0.020866 0.016429
0 0.905581 0.017232 0.032603 0.011025
0 0.876455 0.018745 0.035212 0.015348
1 0.835157 0.040795 0.064772 0.050801
1 0.807688 0.042308 0.042332 0.052098
1 0.777341 0.041984 0.044775 0.053612
1 0.746042 0.042308 0.052600 0.050369
1 0.714308 0.044912 0.056947 0.050781
1 0.675184 0.046199 0.057816 0.051234
1 0.604618 0.042467 0.050861 0.046910
1 0.642003 0.045493 0.047383 0.047775
1 0.566363 0.041926 0.048253 0.045397
1 0.531369 0.040737 0.049557 0.045613
1 0.492897 0.043115 0.052600 0.048640
1 0.455947 0.045817 0.044775 0.051018
1 0.416823 0.043764 0.045645 0.048640
1 0.379500 0.043224 0.049992 0.045181
1 0.343637 0.045277 0.043471 0.048856
1 0.313859 0.046587 0.049122 0.051425
1 0.279734 0.047439 0.044340 0.052315
1 0.241480 0.047647 0.056512 0.055773
1 0.206250 0.048507 0.047500 0.052239
1 0.170839 0.049502 0.039559 0.047739
1 0.141062 0.051106 0.046949 0.052747
1 0.095937 0.107548 0.099549 0.028103
1 0.107457 0.067231 0.098245 0.029616
0 0.108109 0.029292 0.047383 0.008215
0 0.071250 0.031095 0.037500 0.017413
0 0.069637 0.046370 0.023474 0.014700
1 0.095285 0.078689 0.089550 0.016213
1 0.095285 0.091227 0.089550 0.018375
1 0.090938 0.143433 0.103461 0.025941
1 0.094850 0.123221 0.097375 0.025293
1 0.090720 0.158502 0.095202 0.025076
1 0.084634 0.178606 0.098679 0.026806
1 0.078548 0.200008 0.086507 0.029400
1 0.081156 0.215572 0.086507 0.025076
1 0.084409 0.236727 0.094767 0.032210
1 0.088974 0.253805 0.097810 0.028751
1 0.082671 0.272288 0.092159 0.029832
1 0.076585 0.290015 0.086942 0.027238
1 0.075498 0.309578 0.085638 0.026157
1 0.083540 0.332385 0.089550 0.030265
1 0.090278 0.350003 0.096940 0.027022
1 0.082348 0.372053 0.103461 0.028968
1 0.081261 0.390860 0.099549 0.030697
1 0.086912 0.408479 0.095202 0.032643
1 0.084522 0.424800 0.106069 0.028968
1 0.087453 0.437432 0.098245 0.036750
0 0.071936 0.472489 0.041128 0.009871
0 0.050937 0.470182 0.027821 0.012322
0 0.047024 0.459639 0.032169 0.013619
1 0.118317 0.450099 0.059121 0.052155
1 0.144617 0.449803 0.043036 0.052747
1 0.176786 0.448722 0.040428 0.054476
1 0.207433 0.449046 0.042602 0.056854
1 0.239601 0.449154 0.051296 0.050153
1 0.277247 0.448673 0.046514 0.052963
1 0.312676 0.449538 0.053904 0.059016
1 0.348105 0.450619 0.038689 0.051234
1 0.388315 0.451940 0.047818 0.049889
1 0.429613 0.451808 0.051296 0.051018
1 0.464390 0.453537 0.039993 0.053179
1 0.498750 0.450249 0.047500 0.059701
1 0.536552 0.450511 0.042602 0.054909
1 0.578067 0.452564 0.044775 0.052098
1 0.618495 0.450511 0.049992 0.057935
1 0.655584 0.448674 0.051296 0.057935
1 0.691448 0.448133 0.047383 0.055557
1 0.727529 0.449214 0.043906 0.054260
1 0.762088 0.450295 0.046079 0.051234
1 0.803168 0.447052 0.046514 0.060313
1 0.839032 0.447917 0.048688 0.059881
1 0.865159 0.447974 0.071293 0.059232
