1 0.711456 0.481826 0.079311 0.077449
1 0.712111 0.561078 0.083688 0.058823
1 0.708111 0.528112 0.091517 0.065143
1 0.788060 0.439236 0.047243 0.196029
1 0.773548 0.432665 0.030188 0.202242
1 0.751112 0.453101 0.028881 0.153631
1 0.732034 0.609822 0.049327 0.152395
1 0.742496 0.612485 0.033502 0.150705
1 0.754504 0.609359 0.020062 0.143057
1 0.808224 0.542306 0.087492 0.066565
1 0.812471 0.516669 0.078729 0.049980
1 0.813429 0.473007 0.040664 0.051381
1 0.844571 0.647851 0.085049 0.100863
1 0.847957 0.615963 0.086946 0.069440
1 0.851564 0.581493 0.076944 0.071188
1 0.805642 0.688635 0.029350 0.172131
1 0.781962 0.688730 0.038198 0.191012
1 0.771742 0.691416 0.049025 0.192960
1 0.863239 0.479615 0.086875 0.053176
1 0.867857 0.436347 0.092027 0.053395
1 0.862128 0.404030 0.103927 0.095522
1 0.847356 0.345300 0.075598 0.178166
1 0.839302 0.340550 0.060591 0.170755
1 0.825505 0.349022 0.038118 0.161751
1 0.670281 0.410182 0.092364 0.076281
1 0.668793 0.442147 0.070941 0.046578
1 0.722531 0.331641 0.035655 0.164931
1 0.760096 0.334453 0.048180 0.178791
1 0.742828 0.335211 0.032677 0.180958
1 0.829285 0.230687 0.047679 0.169777
1 0.817105 0.230782 0.044392 0.176414
1 0.798755 0.235272 0.030033 0.166343
1 0.733193 0.207667 0.044882 0.173184
1 0.717023 0.213182 0.042455 0.168703
1 0.690744 0.220182 0.032337 0.164341
1 0.643400 0.261363 0.093768 0.094318
1 0.640604 0.296459 0.096901 0.069780
1 0.642842 0.342572 0.081913 0.049033
1 0.678040 0.387808 0.095158 0.104738
1 0.699369 0.693054 0.030764 0.153237
1 0.683114 0.696175 0.033764 0.166223
1 0.662190 0.702753 0.054450 0.177930
1 0.649763 0.577656 0.087547 0.067671
1 0.645949 0.626428 0.088215 0.065194
1 0.648560 0.655551 0.078662 0.094660
1 0.611865 0.543656 0.081866 0.065632
1 0.616728 0.455140 0.091630 0.067940
1 0.610780 0.511275 0.091623 0.074970
1 0.580185 0.673682 0.100891 0.069009
1 0.577512 0.722996 0.109189 0.068583
1 0.574058 0.765494 0.088963 0.067628
1 0.623473 0.798515 0.031577 0.124954
1 0.599218 0.800982 0.070789 0.156780
1 0.595870 0.791063 0.067887 0.140980
1 0.693981 0.795161 0.058322 0.173909
1 0.710106 0.793867 0.048314 0.172698
1 0.734912 0.791298 0.032652 0.148526
1 0.756580 0.908847 0.041906 0.169084
1 0.736069 0.905901 0.057294 0.179826
1 0.714963 0.909054 0.074587 0.173854
1 0.657638 0.908128 0.040331 0.176140
1 0.630303 0.916614 0.048735 0.159720
1 0.607559 0.906801 0.086473 0.179832
1 0.544059 0.902534 0.037809 0.188800
1 0.520074 0.899928 0.054404 0.174864
1 0.507120 0.899553 0.065800 0.162626
1 0.505600 0.750319 0.084616 0.100213
1 0.502496 0.808648 0.091677 0.079294
1 0.494193 0.864932 0.086804 0.088789
1 0.534467 0.654276 0.084439 0.054608
1 0.538756 0.604548 0.087003 0.068597
1 0.542097 0.546420 0.085279 0.106428
0 0.530629 0.483737 0.038669 0.071593
0 0.502848 0.695531 0.035275 0.047351
0 0.465092 0.928841 0.023489 0.070738
1 0.563181 0.439722 0.086246 0.062743
1 0.568214 0.390136 0.087001 0.070141
1 0.576422 0.334195 0.082651 0.092368
1 0.600585 0.214341 0.086869 0.069846
1 0.607323 0.162307 0.081597 0.080312
1 0.614412 0.135158 0.075708 0.113693
0 0.615652 0.062539 0.040506 0.055532
0 0.635799 0.046748 0.033445 0.032395
1 0.658039 0.112752 0.042433 0.164335
1 0.682636 0.120681 0.045048 0.163269
1 0.709397 0.116099 0.067497 0.145068
0 0.750189 0.057498 0.033498 0.039296
1 0.770029 0.112174 0.031749 0.148313
1 0.804195 0.120886 0.060972 0.166135
1 0.792023 0.116805 0.046437 0.163953
0 0.844810 0.066219 0.031281 0.044924
1 0.863163 0.128866 0.038995 0.163868
1 0.889250 0.131711 0.050113 0.162317
1 0.904429 0.135871 0.053975 0.162800
0 0.941622 0.092770 0.028835 0.059692
1 0.959649 0.145609 0.048162 0.145549
1 0.973408 0.159227 0.053183 0.163920
1 0.977305 0.182565 0.045391 0.114287
1 0.973564 0.217205 0.052872 0.061834
1 0.976545 0.250191 0.046910 0.035598
1 0.974803 0.281864 0.050394 0.071010
1 0.919188 0.255164 0.053997 0.161645
1 0.910243 0.244876 0.044933 0.171367
1 0.892216 0.250901 0.033845 0.145856
1 0.928464 0.305457 0.078327 0.073582
1 0.933905 0.331064 0.078939 0.067654
1 0.931925 0.365464 0.086332 0.077736
1 0.959834 0.398200 0.080332 0.070274
1 0.959345 0.445885 0.081310 0.066143
1 0.957304 0.485746 0.085392 0.086624
1 0.914846 0.509911 0.078417 0.053309
1 0.911313 0.542825 0.084765 0.050428
1 0.908919 0.566287 0.087549 0.067019
1 0.952243 0.583683 0.087267 0.074145
1 0.944732 0.636758 0.089626 0.089625
1 0.939452 0.679192 0.084730 0.103379
0 0.984839 0.536058 0.030323 0.068788
1 0.911690 0.798494 0.088987 0.072337
1 0.904723 0.840205 0.086761 0.103415
1 0.895569 0.877577 0.073556 0.146728
1 0.812894 0.903059 0.089881 0.184772
1 0.832673 0.904756 0.061993 0.177617
1 0.849818 0.920478 0.050038 0.149332
0 0.887643 0.951146 0.040787 0.052552
0 0.865520 0.963603 0.022131 0.061412
0 0.948884 0.751589 0.036527 0.066872
1 0.878904 0.688601 0.072430 0.071225
1 0.875315 0.722485 0.078809 0.053826
1 0.870579 0.745961 0.078113 0.091936
1 0.797341 0.801152 0.056029 0.196273
1 0.816590 0.796260 0.030541 0.171930
1 0.841357 0.789484 0.029863 0.150843
0 0.560395 0.268007 0.037938 0.087048
1 0.563633 0.963885 0.021598 0.050521
