0 0.669031 0.497337 0.017198 0.025165
0 0.667934 0.479889 0.021921 0.031083
0 0.670531 0.458786 0.013291 0.030104
0 0.675233 0.442240 0.020549 0.031811
0 0.683318 0.427032 0.017119 0.028509
0 0.687063 0.406477 0.017326 0.028962
0 0.693759 0.388568 0.015397 0.030541
0 0.700313 0.371714 0.019050 0.033763
0 0.705669 0.352307 0.015906 0.027133
0 0.665694 0.515138 0.021507 0.030451
0 0.664766 0.532647 0.019046 0.032869
0 0.663653 0.551545 0.018172 0.029230
0 0.667786 0.591956 0.021537 0.020390
0 0.661472 0.564043 0.013338 0.012992
0 0.661497 0.599864 0.017233 0.015969
2 0.666798 0.372277 0.049000 0.020408
2 0.673846 0.350167 0.048722 0.025085
2 0.675219 0.333774 0.047367 0.015428
2 0.661484 0.391014 0.045582 0.019177
2 0.656747 0.408053 0.040184 0.015518
2 0.655310 0.427924 0.036970 0.023115
2 0.647649 0.448119 0.032999 0.020659
2 0.644865 0.465763 0.035779 0.017049
2 0.640687 0.482048 0.035492 0.015136
2 0.641447 0.502583 0.039278 0.024383
2 0.638912 0.521472 0.036548 0.019700
2 0.638021 0.537698 0.035369 0.014776
2 0.635473 0.555560 0.035368 0.017299
2 0.637227 0.572589 0.032937 0.017147
2 0.633519 0.596337 0.042678 0.014338
2 0.598631 0.583282 0.057955 0.015725
2 0.601904 0.567823 0.057074 0.017961
2 0.600201 0.548962 0.061975 0.021538
2 0.602928 0.528199 0.059977 0.021245
2 0.602150 0.509392 0.060770 0.022709
2 0.606968 0.490160 0.057793 0.018428
2 0.607549 0.472074 0.059963 0.020341
2 0.610723 0.453901 0.063537 0.026060
2 0.616329 0.433919 0.063525 0.021620
2 0.617016 0.413914 0.059480 0.023276
2 0.622573 0.393881 0.063662 0.018537
2 0.621751 0.374942 0.060075 0.022534
2 0.627643 0.354677 0.060038 0.025610
2 0.638083 0.334000 0.047528 0.022777
2 0.581991 0.323607 0.058238 0.019110
2 0.588881 0.343217 0.044750 0.019101
2 0.586805 0.362343 0.051822 0.019058
2 0.581776 0.380910 0.051773 0.019525
2 0.579129 0.399615 0.052890 0.020873
2 0.577121 0.420041 0.049478 0.016398
2 0.574257 0.440158 0.048002 0.018509
2 0.569532 0.457816 0.051712 0.019220
2 0.567946 0.478920 0.045494 0.017677
2 0.567229 0.496103 0.043844 0.016285
2 0.558413 0.517118 0.063065 0.020646
2 0.560289 0.537460 0.054639 0.019775
2 0.560944 0.558290 0.055483 0.016430
2 0.559712 0.576456 0.051216 0.015764
2 0.552343 0.597402 0.059966 0.020401
2 0.516391 0.566055 0.061193 0.020533
2 0.514199 0.582002 0.059512 0.027094
2 0.516432 0.543446 0.060324 0.024810
2 0.552580 0.326420 0.050824 0.020395
2 0.547964 0.344967 0.058445 0.023318
2 0.541772 0.363034 0.059418 0.025078
2 0.539495 0.382640 0.059155 0.021303
2 0.535129 0.402281 0.053452 0.021738
2 0.531499 0.422980 0.054241 0.027144
2 0.530017 0.444470 0.055252 0.020703
2 0.528049 0.464383 0.053426 0.023164
2 0.526527 0.483691 0.055437 0.020893
2 0.522995 0.504072 0.054687 0.023830
2 0.522834 0.523589 0.053742 0.021718
2 0.495084 0.410588 0.053965 0.016094
2 0.500679 0.391069 0.046751 0.019043
2 0.500081 0.370987 0.051781 0.021403
2 0.503076 0.350678 0.053910 0.019431
2 0.503328 0.331107 0.055661 0.019163
2 0.502176 0.311384 0.050642 0.020879
2 0.493018 0.430849 0.050880 0.018285
2 0.490697 0.452911 0.047795 0.019193
2 0.486278 0.473179 0.053066 0.019194
2 0.484969 0.494205 0.049743 0.020578
2 0.484257 0.515558 0.050281 0.019422
2 0.482192 0.534221 0.049359 0.018443
2 0.479152 0.556028 0.050363 0.017322
2 0.478342 0.576980 0.050610 0.018425
2 0.477944 0.597741 0.051525 0.018131
2 0.515945 0.604883 0.052864 0.021684
2 0.436919 0.582237 0.063381 0.033587
2 0.441129 0.559988 0.068567 0.032886
2 0.437901 0.537536 0.061907 0.036193
2 0.441070 0.514962 0.060573 0.035871
2 0.443856 0.496949 0.064505 0.033525
2 0.445017 0.475993 0.064798 0.035209
2 0.449771 0.454385 0.059235 0.031677
2 0.451286 0.432878 0.065627 0.033076
2 0.457220 0.410694 0.061161 0.034629
2 0.458708 0.389214 0.064364 0.034335
2 0.460600 0.368394 0.065109 0.037833
2 0.459407 0.346602 0.064881 0.035579
2 0.460278 0.328153 0.063987 0.034410
2 0.465017 0.309684 0.062542 0.027926
