0 0.323825 0.602771 0.049004 0.020624
0 0.360159 0.597042 0.045113 0.022915
0 0.389378 0.594751 0.044275 0.019860
0 0.422477 0.592841 0.050293 0.023679
0 0.458800 0.589022 0.043846 0.020624
0 0.284605 0.606918 0.046630 0.023025
0 0.482736 0.587855 0.041983 0.025971
0 0.515354 0.586709 0.043805 0.023679
0 0.549723 0.588619 0.039547 0.021388
0 0.585186 0.592056 0.045995 0.023679
0 0.626667 0.596639 0.049004 0.029790
0 0.669438 0.602368 0.058031 0.033609
0 0.704298 0.607715 0.056251 0.042775
0 0.739711 0.617030 0.037868 0.031785
0 0.761367 0.607339 0.034962 0.029790
2 0.744459 0.572202 0.042126 0.064927
2 0.705127 0.559980 0.048574 0.072565
2 0.665795 0.554633 0.043846 0.074093
2 0.626678 0.542030 0.042986 0.074857
2 0.588096 0.534391 0.039977 0.088606
2 0.550268 0.533628 0.047714 0.084023
2 0.510936 0.531336 0.043846 0.073329
2 0.473324 0.530572 0.040837 0.082495
2 0.437860 0.530954 0.032669 0.097009
2 0.404947 0.538224 0.030520 0.096245
2 0.369089 0.533795 0.037313 0.112008
2 0.331493 0.545700 0.034052 0.086903
2 0.292007 0.553992 0.034777 0.094780
2 0.263388 0.537010 0.031879 0.081109
2 0.355221 0.485190 0.035139 0.092053
2 0.325516 0.482293 0.029343 0.105571
2 0.387100 0.467809 0.041660 0.099777
2 0.427673 0.462338 0.030792 0.096559
2 0.461906 0.462016 0.033328 0.097202
2 0.501936 0.463625 0.044558 0.101708
2 0.543180 0.461200 0.036950 0.099133
2 0.582666 0.462165 0.042022 0.093340
2 0.618711 0.465384 0.042384 0.089478
2 0.660370 0.469568 0.043109 0.105571
2 0.699494 0.481477 0.043109 0.099777
2 0.741318 0.490811 0.041332 0.101708
2 0.782814 0.479868 0.045282 0.082397
2 0.762346 0.422254 0.030430 0.092052
2 0.726483 0.415817 0.034052 0.095915
2 0.688627 0.405196 0.030067 0.084972
2 0.647329 0.403586 0.032966 0.083040
2 0.610560 0.399402 0.028256 0.099133
2 0.571074 0.396827 0.038399 0.090121
2 0.529595 0.396184 0.044558 0.083684
2 0.490290 0.400690 0.034777 0.088834
2 0.456238 0.405518 0.031154 0.083040
2 0.280507 0.477941 0.036588 0.076603
2 0.308944 0.412282 0.030430 0.080465
2 0.276341 0.423869 0.027532 0.070166
2 0.322348 0.366899 0.031154 0.065660
2 0.289382 0.369152 0.029705 0.081753
2 0.355313 0.363037 0.046369 0.078534
2 0.395705 0.355956 0.040935 0.069522
2 0.431388 0.352415 0.047094 0.080465
2 0.472685 0.350484 0.039848 0.072741
2 0.509092 0.348875 0.044558 0.070810
2 0.550237 0.348530 0.035501 0.065660
2 0.588965 0.346508 0.045176 0.072703
2 0.626683 0.355028 0.044323 0.069295
2 0.663228 0.356542 0.044963 0.063994
2 0.708297 0.358057 0.046028 0.069295
2 0.753330 0.353897 0.048585 0.073839
2 0.789236 0.358440 0.036439 0.088985
2 0.764888 0.283064 0.078845 0.078762
2 0.708951 0.287608 0.061158 0.078761
2 0.731006 0.292531 0.034521 0.059071
2 0.660984 0.281259 0.052208 0.077247
2 0.624438 0.279933 0.063076 0.080655
2 0.582929 0.278413 0.055617 0.078383
2 0.545105 0.275384 0.055404 0.085199
2 0.509440 0.274245 0.057109 0.081791
2 0.468952 0.277842 0.046881 0.076868
2 0.429636 0.282575 0.053913 0.086335
2 0.392345 0.286930 0.056896 0.088985
2 0.355373 0.284469 0.051142 0.081033
2 0.316057 0.285983 0.057322 0.082548
2 0.380199 0.403675 0.027915 0.086713
2 0.416531 0.399888 0.032816 0.086713
2 0.343014 0.404432 0.040062 0.089743
2 0.780918 0.540622 0.024956 0.074386
