3 0.570754 0.489273 0.055436 0.043714
3 0.528385 0.501352 0.047603 0.048854
3 0.481366 0.501697 0.049352 0.045642
3 0.616050 0.486755 0.045177 0.039882
3 0.650188 0.445143 0.058863 0.060998
3 0.660875 0.477345 0.050675 0.037908
3 0.626826 0.520804 0.052212 0.041855
3 0.585540 0.527801 0.054273 0.038540
3 0.538713 0.532086 0.058920 0.039914
3 0.495388 0.535979 0.051510 0.041372
3 0.502229 0.575119 0.053269 0.043370
3 0.551762 0.571465 0.049334 0.052516
3 0.595321 0.565732 0.054859 0.043315
3 0.641608 0.559300 0.050293 0.048201
3 0.449929 0.575990 0.047939 0.045753
3 0.581858 0.384965 0.050323 0.051776
3 0.543515 0.418634 0.060451 0.043840
3 0.561704 0.453456 0.053611 0.038302
3 0.511968 0.365693 0.046956 0.037574
3 0.483342 0.408275 0.049477 0.036933
3 0.438553 0.414251 0.051670 0.037047
3 0.606833 0.453782 0.048847 0.051390
3 0.596167 0.414415 0.049751 0.041382
3 0.532607 0.388857 0.055891 0.050663
3 0.474331 0.370246 0.052035 0.042488
3 0.430994 0.380403 0.048606 0.047769
3 0.623718 0.370448 0.047290 0.045478
3 0.632833 0.404438 0.047079 0.047339
3 0.502382 0.300218 0.044631 0.035760
3 0.459119 0.299362 0.046480 0.040528
3 0.463557 0.337073 0.040387 0.043957
3 0.505968 0.332112 0.044101 0.038893
3 0.539293 0.297178 0.044787 0.033726
3 0.612125 0.342585 0.040702 0.041602
3 0.452701 0.266302 0.039591 0.043344
3 0.491586 0.268538 0.044261 0.039138
3 0.415497 0.266946 0.037625 0.036305
3 0.419221 0.304048 0.038497 0.040147
3 0.422267 0.339596 0.045238 0.039444
3 0.706415 0.282500 0.052264 0.038454
3 0.727227 0.316985 0.057405 0.042221
3 0.663201 0.361292 0.046727 0.039969
3 0.701274 0.357225 0.052356 0.034858
3 0.741674 0.264045 0.053413 0.047400
3 0.781913 0.341692 0.060303 0.043323
3 0.763136 0.300891 0.059407 0.045284
3 0.803365 0.286358 0.044793 0.041428
3 0.821508 0.326936 0.058054 0.046178
3 0.520666 0.465035 0.047522 0.047842
3 0.488130 0.444200 0.043219 0.039115
3 0.448630 0.451794 0.042683 0.041802
3 0.456954 0.480267 0.040308 0.034337
3 0.404983 0.457337 0.052724 0.055717
3 0.393240 0.417463 0.047354 0.055871
3 0.386297 0.375677 0.045940 0.042495
3 0.380250 0.341920 0.041055 0.043210
3 0.339016 0.339506 0.045272 0.041483
3 0.376803 0.305666 0.042522 0.043806
3 0.337036 0.307555 0.045526 0.051100
3 0.377162 0.268947 0.034071 0.041146
3 0.340050 0.263692 0.031308 0.037113
3 0.279006 0.250007 0.040688 0.035966
3 0.308504 0.261673 0.042141 0.038601
3 0.297731 0.296202 0.038108 0.041737
3 0.417482 0.238535 0.032471 0.043699
3 0.381679 0.234249 0.033600 0.041732
3 0.454003 0.236424 0.036517 0.040595
3 0.485572 0.239983 0.036121 0.048495
3 0.353741 0.232706 0.024848 0.037882
3 0.465274 0.195378 0.046126 0.040351
3 0.666599 0.295492 0.050569 0.040694
3 0.687836 0.327014 0.050337 0.038575
3 0.645515 0.334984 0.051500 0.041859
3 0.617611 0.301959 0.062034 0.028655
3 0.684517 0.250052 0.055299 0.049244
3 0.648686 0.264412 0.045514 0.044046
3 0.657685 0.204861 0.057055 0.048192
3 0.610047 0.270660 0.045995 0.045204
3 0.775922 0.246567 0.047822 0.043055
3 0.782026 0.189129 0.062781 0.080764
3 0.747931 0.211061 0.055669 0.050098
3 0.715877 0.227744 0.058985 0.042782
3 0.344965 0.382831 0.047160 0.057292
3 0.296933 0.339380 0.042129 0.053456
3 0.260771 0.336571 0.037382 0.053531
3 0.261214 0.373025 0.039691 0.051071
3 0.300436 0.376275 0.049229 0.057563
3 0.318649 0.447596 0.051455 0.043138
3 0.360342 0.454120 0.042383 0.039363
3 0.349473 0.416740 0.046374 0.050348
3 0.308847 0.412949 0.041760 0.051007
3 0.268449 0.409853 0.048752 0.055852
3 0.232852 0.409706 0.040163 0.051635
3 0.226824 0.371361 0.029126 0.050248
3 0.156709 0.387460 0.039916 0.043782
3 0.195060 0.399694 0.039051 0.056341
3 0.158158 0.344148 0.050451 0.068545
3 0.195488 0.358769 0.036172 0.048521
3 0.263524 0.291423 0.039296 0.060592
3 0.229131 0.220679 0.053297 0.048224
3 0.209170 0.256847 0.035844 0.059089
3 0.226392 0.320723 0.031231 0.060035
3 0.232490 0.277550 0.031369 0.053468
3 0.252573 0.239026 0.043984 0.042269
3 0.164146 0.296523 0.045350 0.072865
3 0.196696 0.313560 0.036509 0.064131
3 0.175096 0.245382 0.057651 0.069677
3 0.113745 0.311508 0.045630 0.050051
3 0.312387 0.162038 0.072106 0.048057
3 0.337990 0.177313 0.042974 0.050206
3 0.367318 0.190944 0.045679 0.050440
3 0.413303 0.151489 0.049154 0.058720
3 0.466831 0.163471 0.041141 0.048395
3 0.531762 0.268694 0.035219 0.043182
3 0.596288 0.232447 0.051933 0.063024
3 0.633095 0.223066 0.030220 0.049927
3 0.581455 0.188849 0.064440 0.060711
3 0.686799 0.184967 0.053916 0.053416
3 0.721056 0.165146 0.047558 0.056702
3 0.652401 0.150006 0.056902 0.059230
3 0.633278 0.171910 0.042488 0.049690
3 0.573341 0.141817 0.052031 0.065027
3 0.536716 0.159146 0.068870 0.060348
3 0.512371 0.235248 0.044813 0.047365
3 0.436271 0.175176 0.035843 0.058095
3 0.839124 0.281023 0.046578 0.050801
3 0.329328 0.231368 0.033023 0.045939
3 0.306137 0.217712 0.046434 0.053411
3 0.281654 0.197230 0.039493 0.050151
3 0.242426 0.142751 0.066213 0.057722
3 0.199579 0.179584 0.051410 0.069339
3 0.368497 0.142541 0.072247 0.050745
3 0.299397 0.120324 0.056332 0.050697
3 0.255734 0.182171 0.048380 0.046116
3 0.420234 0.202684 0.038619 0.039374
3 0.389574 0.197363 0.030674 0.041254
3 0.544883 0.339758 0.034471 0.052157
3 0.584795 0.332191 0.037386 0.060701
3 0.572432 0.249652 0.048215 0.047380
3 0.545721 0.221473 0.048694 0.042473
3 0.573307 0.282945 0.039104 0.045694
3 0.815087 0.241754 0.060300 0.054730
3 0.517336 0.181334 0.064376 0.063535
3 0.115725 0.370925 0.048025 0.070201
3 0.159312 0.433278 0.043021 0.063952
3 0.113317 0.412160 0.047727 0.055682
3 0.201498 0.448261 0.040375 0.064538
3 0.241501 0.450585 0.042948 0.061048
3 0.280564 0.455960 0.039517 0.053476
3 0.676850 0.398705 0.047502 0.039666
3 0.712961 0.396473 0.052843 0.055682
3 0.755689 0.394223 0.053967 0.055672
3 0.741988 0.359306 0.051448 0.051212
3 0.799254 0.381651 0.053325 0.038860
3 0.842064 0.376443 0.053133 0.063209
3 0.778737 0.428289 0.054000 0.055283
3 0.731758 0.428004 0.057808 0.044685
3 0.813100 0.421272 0.056333 0.066537
3 0.689979 0.439571 0.053584 0.059358
3 0.855335 0.418392 0.051455 0.053320
3 0.829531 0.461209 0.048282 0.052517
3 0.869704 0.455007 0.052004 0.056183
3 0.745894 0.471703 0.062580 0.055243
3 0.792452 0.467622 0.050159 0.051717
3 0.701619 0.478026 0.052717 0.054865
3 0.285891 0.491363 0.048722 0.051937
3 0.327397 0.495793 0.042756 0.056495
3 0.370185 0.495472 0.051772 0.056089
3 0.246316 0.490142 0.040046 0.057657
3 0.206717 0.485878 0.040317 0.056153
3 0.857313 0.313392 0.055806 0.054175
3 0.414224 0.491573 0.048428 0.053307
3 0.379865 0.533873 0.050054 0.054144
3 0.335084 0.532673 0.044455 0.056757
3 0.292075 0.531244 0.042584 0.057018
3 0.249799 0.529362 0.049003 0.057070
3 0.211506 0.527660 0.045380 0.055531
3 0.262986 0.604141 0.038631 0.055835
3 0.421245 0.529440 0.043668 0.055935
3 0.455338 0.533387 0.034353 0.057316
3 0.344466 0.570096 0.048487 0.056449
3 0.299275 0.567192 0.044170 0.049870
3 0.256196 0.565455 0.045955 0.061838
3 0.217702 0.563904 0.040039 0.058023
3 0.162765 0.480240 0.048499 0.054091
3 0.168396 0.518174 0.043100 0.059091
3 0.121576 0.505750 0.045189 0.064608
3 0.117290 0.459697 0.046920 0.054916
3 0.127110 0.548016 0.046524 0.059701
3 0.174466 0.558260 0.043258 0.059602
3 0.083834 0.483295 0.033190 0.045283
3 0.089143 0.525811 0.041043 0.049157
3 0.089760 0.570776 0.040620 0.050619
3 0.081870 0.435777 0.028819 0.046816
3 0.082003 0.385842 0.026461 0.053006
3 0.512889 0.612163 0.056750 0.052581
3 0.563758 0.611155 0.049895 0.052060
3 0.466004 0.615596 0.051897 0.060178
3 0.414041 0.616313 0.050781 0.053563
3 0.397698 0.572146 0.057939 0.061955
3 0.349894 0.608629 0.042670 0.061722
3 0.307506 0.603207 0.050041 0.059794
3 0.180449 0.601526 0.039841 0.059800
3 0.222217 0.599273 0.042254 0.056000
3 0.135669 0.586772 0.040441 0.046847
3 0.438119 0.654462 0.048542 0.052344
3 0.480381 0.651846 0.058991 0.055336
3 0.526411 0.648029 0.054000 0.048913
3 0.379319 0.614245 0.031958 0.068024
3 0.309128 0.644700 0.044298 0.062485
3 0.266836 0.640626 0.043499 0.061080
3 0.226065 0.643655 0.042696 0.050883
3 0.183371 0.636001 0.044277 0.049286
3 0.138503 0.629914 0.048073 0.050776
3 0.145135 0.668157 0.040427 0.039439
3 0.184732 0.671419 0.046198 0.052861
3 0.227925 0.669203 0.050178 0.045690
3 0.274729 0.675963 0.045066 0.040864
3 0.094592 0.617022 0.037385 0.044318
3 0.094222 0.654658 0.047512 0.054623
3 0.192191 0.712566 0.040921 0.044069
3 0.146501 0.708166 0.042762 0.040705
3 0.101747 0.695567 0.046725 0.042434
3 0.236308 0.713180 0.046696 0.050662
3 0.195846 0.751875 0.048217 0.047888
3 0.150491 0.747389 0.046950 0.045186
3 0.109631 0.738946 0.038383 0.042484
3 0.387168 0.657071 0.055911 0.042682
3 0.408901 0.692454 0.047783 0.042778
3 0.352523 0.648295 0.039511 0.061561
3 0.360962 0.699005 0.054011 0.058461
3 0.312127 0.683543 0.038015 0.051263
3 0.449906 0.693332 0.045668 0.057471
3 0.494260 0.687604 0.054560 0.053108
3 0.675605 0.522831 0.054944 0.059802
3 0.718844 0.517775 0.049987 0.054741
3 0.759251 0.510065 0.051074 0.054036
3 0.805041 0.504355 0.050530 0.056218
3 0.843250 0.498395 0.048122 0.053349
3 0.885943 0.497208 0.058609 0.070377
3 0.854788 0.536161 0.050201 0.055583
3 0.813898 0.542353 0.053961 0.054996
3 0.773884 0.545640 0.043654 0.055333
3 0.729543 0.549300 0.047334 0.053897
3 0.687132 0.561645 0.051392 0.050169
3 0.739613 0.580876 0.049868 0.045565
3 0.783303 0.578289 0.040717 0.043970
3 0.821069 0.579580 0.045479 0.045556
3 0.609299 0.601727 0.055881 0.050524
3 0.650184 0.596317 0.052989 0.049634
3 0.705087 0.592978 0.042267 0.058053
3 0.867622 0.578509 0.058604 0.058368
3 0.795164 0.623559 0.049991 0.054485
3 0.833011 0.618862 0.047121 0.052950
3 0.874193 0.618130 0.054575 0.060316
3 0.730093 0.694950 0.039631 0.043329
3 0.771975 0.691361 0.042246 0.042910
3 0.810354 0.688800 0.045344 0.041163
3 0.855918 0.686447 0.043653 0.041893
3 0.799946 0.654975 0.046204 0.045451
3 0.759996 0.655558 0.043319 0.044689
3 0.843996 0.649628 0.058086 0.051008
3 0.502709 0.720075 0.048722 0.042663
3 0.878944 0.356776 0.054545 0.046773
3 0.896412 0.396695 0.051718 0.051176
3 0.586922 0.678863 0.048191 0.045144
3 0.539644 0.689030 0.049186 0.049327
3 0.575411 0.643631 0.047725 0.045441
3 0.664246 0.633614 0.050391 0.050346
3 0.619869 0.639024 0.052345 0.052547
3 0.708951 0.623865 0.042841 0.045400
3 0.749757 0.619085 0.044902 0.042830
3 0.720824 0.660029 0.043257 0.039586
3 0.677915 0.667531 0.050036 0.054969
3 0.629646 0.672327 0.056423 0.060007
3 0.596134 0.718809 0.046901 0.051322
3 0.641470 0.712587 0.045426 0.048513
3 0.687406 0.703526 0.048739 0.047403
3 0.550206 0.723825 0.050827 0.060239
3 0.460120 0.728097 0.053811 0.054808
3 0.419128 0.734466 0.048339 0.051969
3 0.376669 0.737809 0.047114 0.057820
3 0.248685 0.753230 0.051007 0.045284
3 0.386991 0.768806 0.053306 0.043100
3 0.314739 0.712299 0.037858 0.052132
3 0.277092 0.713538 0.039003 0.042121
3 0.333834 0.736519 0.043745 0.046749
3 0.303537 0.771363 0.047354 0.036462
3 0.343673 0.777434 0.048712 0.052641
3 0.428740 0.764056 0.045391 0.041168
3 0.471198 0.763238 0.044343 0.041272
3 0.518813 0.756908 0.047265 0.044955
3 0.889152 0.653278 0.050516 0.050057
3 0.900226 0.695852 0.051182 0.053739
3 0.864946 0.726228 0.051608 0.046724
3 0.737477 0.732850 0.046909 0.042567
3 0.775323 0.729115 0.047051 0.044098
3 0.821964 0.729126 0.045594 0.038758
3 0.695315 0.737306 0.046477 0.044417
3 0.652117 0.741109 0.054925 0.041623
3 0.606117 0.744473 0.057913 0.045644
3 0.559803 0.751017 0.050278 0.039436
3 0.615856 0.782782 0.049624 0.036271
3 0.659919 0.778839 0.046160 0.038655
3 0.699831 0.771820 0.042101 0.037281
3 0.743511 0.773424 0.044653 0.048703
3 0.783308 0.768775 0.046087 0.042305
3 0.824293 0.765388 0.040725 0.042255
3 0.874320 0.767683 0.052532 0.041408
3 0.910443 0.732225 0.047072 0.050081
3 0.838207 0.804762 0.051480 0.057520
3 0.793922 0.811100 0.043768 0.053791
3 0.752265 0.813921 0.050351 0.055481
3 0.884713 0.809011 0.044495 0.055891
3 0.919582 0.769299 0.054478 0.045599
3 0.930831 0.807638 0.055365 0.051687
3 0.939518 0.855507 0.051771 0.076124
3 0.894140 0.854963 0.048837 0.065705
3 0.847022 0.850931 0.052050 0.059986
3 0.806514 0.854572 0.061515 0.061589
3 0.764598 0.856361 0.058615 0.058759
3 0.711743 0.816772 0.046365 0.058017
3 0.671735 0.821446 0.045777 0.063109
3 0.729749 0.859342 0.060069 0.053986
3 0.688537 0.862412 0.061213 0.052762
3 0.629232 0.827139 0.050946 0.059765
3 0.646834 0.862490 0.065350 0.055806
3 0.609149 0.867934 0.058119 0.053146
3 0.587025 0.827212 0.045843 0.056578
3 0.573893 0.787560 0.040957 0.040614
3 0.564907 0.871656 0.064429 0.051562
3 0.544121 0.829388 0.049214 0.046474
3 0.529885 0.800612 0.048956 0.045492
3 0.523338 0.878090 0.059771 0.050149
3 0.501830 0.836765 0.046821 0.047484
3 0.488112 0.800417 0.048658 0.043923
3 0.447905 0.806266 0.054839 0.054179
3 0.459270 0.844863 0.047145 0.056785
3 0.476814 0.880923 0.058388 0.049658
3 0.405666 0.813603 0.045638 0.052751
3 0.418796 0.850533 0.046669 0.050770
3 0.432950 0.886176 0.064001 0.044196
3 0.257513 0.786092 0.053344 0.043029
3 0.273478 0.809871 0.037692 0.039456
3 0.206492 0.788231 0.045367 0.047153
3 0.214687 0.828663 0.053001 0.051026
3 0.317188 0.814447 0.050536 0.054093
3 0.360937 0.815861 0.046656 0.055486
3 0.329789 0.853672 0.047257 0.051027
3 0.375360 0.856141 0.051369 0.053239
3 0.284013 0.849781 0.044905 0.044598
3 0.240574 0.847313 0.044593 0.039889
3 0.157358 0.789272 0.048685 0.053243
3 0.115036 0.784149 0.038656 0.054423
3 0.120055 0.817778 0.043351 0.048186
3 0.163306 0.827043 0.048493 0.050137
3 0.385313 0.889114 0.046590 0.040086
3 0.339576 0.883351 0.045678 0.038099
3 0.290174 0.879242 0.052069 0.038540
3 0.246478 0.878846 0.044620 0.031497
3 0.172208 0.861547 0.045035 0.048375
