0 0.391203 0.826717 0.094011 0.033072
0 0.472488 0.824903 0.088052 0.028174
0 0.553421 0.831560 0.127198 0.049081
0 0.646201 0.837915 0.122178 0.041379
0 0.733738 0.849125 0.103888 0.054168
0 0.826651 0.855745 0.110080 0.042372
0 0.319840 0.829763 0.106158 0.039654
0 0.247120 0.829136 0.092910 0.038003
0 0.189534 0.833081 0.098669 0.044247
0 0.140338 0.835074 0.078849 0.050006
1 0.767754 0.750627 0.098499 0.185352
1 0.665620 0.748936 0.106397 0.140805
1 0.869094 0.773417 0.107528 0.124233
1 0.572464 0.746454 0.101254 0.146264
1 0.486802 0.740434 0.106265 0.146241
1 0.395317 0.743234 0.124434 0.139177
1 0.302076 0.743052 0.110980 0.120610
1 0.206521 0.745285 0.143844 0.113809
1 0.121992 0.743536 0.133466 0.133165
1 0.112043 0.604688 0.107569 0.158002
1 0.211668 0.592065 0.131655 0.170257
1 0.323137 0.585368 0.155047 0.172607
1 0.407926 0.587815 0.123482 0.180706
1 0.509571 0.583398 0.122803 0.174811
1 0.595174 0.580058 0.114459 0.174051
1 0.685688 0.596783 0.105496 0.139730
1 0.790819 0.619274 0.107103 0.145204
1 0.880104 0.641841 0.118528 0.184805
1 0.969460 0.658932 0.061081 0.144201
1 0.707598 0.447093 0.134901 0.151864
1 0.777917 0.475703 0.100602 0.144346
1 0.857804 0.482737 0.076788 0.125154
1 0.759699 0.468924 0.110771 0.171091
1 0.670790 0.444361 0.098651 0.155362
