0 0.346186 0.616913 0.015635 0.013901
0 0.362311 0.615223 0.020983 0.018828
0 0.334012 0.614779 0.016924 0.016380
0 0.376549 0.619210 0.015884 0.015969
0 0.403000 0.623939 0.015206 0.010365
0 0.421515 0.626796 0.019362 0.011080
0 0.440581 0.629679 0.017215 0.011467
0 0.319801 0.616359 0.016278 0.014021
0 0.302765 0.618085 0.019694 0.015147
0 0.390164 0.620229 0.013097 0.011391
1 0.341926 0.585020 0.021149 0.050603
1 0.324526 0.588217 0.017848 0.052392
1 0.304647 0.589545 0.022576 0.054190
1 0.359455 0.588368 0.019914 0.051724
1 0.377111 0.588793 0.018904 0.055199
1 0.393891 0.590505 0.019408 0.047602
1 0.408950 0.594927 0.019426 0.056884
1 0.423635 0.597601 0.020614 0.052015
1 0.437372 0.598780 0.019228 0.054331
1 0.405525 0.545108 0.015671 0.058408
1 0.389608 0.542248 0.014878 0.059990
1 0.372758 0.541763 0.014006 0.056599
1 0.356758 0.542563 0.018048 0.056397
1 0.339248 0.544194 0.015806 0.058237
1 0.324094 0.544415 0.015364 0.056917
1 0.304139 0.546617 0.015303 0.056395
1 0.420205 0.552243 0.017282 0.062062
1 0.437195 0.557998 0.015655 0.056116
1 0.451143 0.556122 0.016596 0.061878
1 0.348546 0.493356 0.018643 0.063576
1 0.331227 0.494520 0.017235 0.058920
1 0.315634 0.494669 0.017610 0.068458
1 0.397997 0.501911 0.019330 0.062965
1 0.380835 0.498081 0.016297 0.057545
1 0.363398 0.494885 0.016747 0.064979
1 0.414785 0.500486 0.020616 0.065054
1 0.430225 0.500994 0.022720 0.071960
1 0.446298 0.505725 0.022106 0.070194
1 0.461257 0.507973 0.020135 0.071516
1 0.299122 0.493253 0.022110 0.068667
1 0.298708 0.432050 0.016900 0.073635
1 0.315713 0.435536 0.014830 0.073744
1 0.331213 0.442675 0.015912 0.070481
1 0.347470 0.446778 0.017467 0.067078
1 0.366087 0.445761 0.019242 0.071349
1 0.382144 0.447291 0.015593 0.065867
1 0.397107 0.448170 0.015435 0.063725
1 0.416808 0.452048 0.016276 0.060116
1 0.432706 0.452382 0.014560 0.065985
1 0.449173 0.453354 0.019705 0.064885
1 0.463303 0.458626 0.016723 0.069778
1 0.339017 0.388937 0.021821 0.074463
1 0.320595 0.385039 0.017170 0.077082
1 0.356461 0.391247 0.023342 0.069813
1 0.373860 0.393406 0.017783 0.073714
1 0.392204 0.395718 0.023877 0.070156
1 0.409909 0.400454 0.021993 0.067530
1 0.429241 0.400159 0.024566 0.071425
1 0.449904 0.398835 0.024275 0.069439
1 0.466655 0.396632 0.028759 0.070295
1 0.301846 0.381768 0.022515 0.063486
