0 0.415433 0.494923 0.013809 0.022957
0 0.400791 0.540805 0.017964 0.018309
0 0.391581 0.558987 0.016214 0.017161
0 0.388227 0.580756 0.016840 0.024085
0 0.405006 0.524151 0.014600 0.021159
0 0.419710 0.476052 0.012517 0.028090
0 0.409541 0.506139 0.010889 0.026368
0 0.420294 0.455522 0.011565 0.019417
0 0.424185 0.443016 0.009894 0.023871
0 0.427734 0.424406 0.012508 0.030705
0 0.435440 0.407408 0.010374 0.030472
0 0.439340 0.389228 0.009598 0.025308
0 0.444232 0.375543 0.007950 0.025367
0 0.451189 0.357152 0.008560 0.024378
0 0.456214 0.339788 0.012609 0.027714
0 0.457764 0.321989 0.014567 0.032653
0 0.460976 0.305419 0.018316 0.031595
0 0.463546 0.287093 0.013094 0.027291
3 0.412548 0.557226 0.023003 0.022852
3 0.408786 0.573682 0.026312 0.019211
3 0.417529 0.539475 0.019610 0.018429
3 0.424301 0.521744 0.025724 0.020533
3 0.431302 0.502840 0.019273 0.017236
3 0.433913 0.485731 0.022392 0.017470
3 0.438042 0.468457 0.021912 0.020636
3 0.444365 0.451061 0.023685 0.018245
3 0.448394 0.435004 0.030373 0.020205
3 0.455777 0.418082 0.033831 0.020439
3 0.458236 0.397779 0.029838 0.017749
3 0.468494 0.382327 0.036190 0.022952
3 0.473952 0.366225 0.035445 0.021252
3 0.478254 0.348395 0.030519 0.019570
3 0.479658 0.329526 0.030525 0.017896
3 0.483406 0.313182 0.030735 0.018051
3 0.482577 0.295590 0.028163 0.017241
3 0.483094 0.277974 0.031833 0.018390
3 0.494978 0.345772 0.025578 0.015809
3 0.489244 0.364732 0.024062 0.016433
3 0.487800 0.381989 0.025112 0.016820
3 0.480575 0.397674 0.027673 0.014191
3 0.475563 0.414134 0.028549 0.015065
3 0.469240 0.432317 0.025631 0.014919
3 0.465877 0.448712 0.026229 0.017158
3 0.460267 0.465670 0.027211 0.015297
3 0.451248 0.501278 0.024827 0.016779
3 0.458263 0.484354 0.026170 0.014804
3 0.445703 0.517983 0.024995 0.016473
3 0.440681 0.536264 0.029672 0.015894
3 0.433279 0.551386 0.032241 0.023862
3 0.431745 0.570648 0.031087 0.015435
3 0.427721 0.586701 0.031331 0.013406
3 0.434222 0.603866 0.040260 0.010164
3 0.453327 0.589928 0.041465 0.018794
3 0.454918 0.573419 0.041644 0.016586
3 0.460879 0.558864 0.039641 0.016853
3 0.463803 0.542886 0.039555 0.017922
3 0.467860 0.526841 0.039490 0.017945
3 0.473270 0.508810 0.039304 0.020425
3 0.477687 0.490483 0.040913 0.020524
3 0.482236 0.473741 0.036208 0.019085
3 0.485294 0.456786 0.037351 0.017651
3 0.491651 0.440342 0.039168 0.020191
3 0.497351 0.421772 0.039061 0.021343
3 0.503631 0.405384 0.035878 0.019352
3 0.507455 0.390329 0.036387 0.020584
3 0.511087 0.371280 0.037029 0.022358
3 0.515065 0.354129 0.037112 0.021811
3 0.518490 0.337816 0.030506 0.020284
3 0.521343 0.320708 0.030853 0.019721
3 0.495864 0.328455 0.030726 0.015867
3 0.525319 0.306596 0.032653 0.017546
3 0.527924 0.289998 0.036015 0.019373
3 0.505485 0.282326 0.026686 0.011825
3 0.500689 0.293753 0.024228 0.009137
3 0.498402 0.304966 0.021159 0.011319
3 0.539526 0.336017 0.025810 0.016290
3 0.541833 0.320546 0.029070 0.018896
3 0.546270 0.306734 0.030882 0.019613
3 0.550071 0.292756 0.025887 0.015848
3 0.496771 0.507159 0.025897 0.017612
3 0.490292 0.523093 0.026335 0.014379
3 0.485421 0.539843 0.029468 0.016598
3 0.482328 0.557232 0.031457 0.016093
3 0.478470 0.572200 0.032156 0.015468
3 0.475745 0.587789 0.035278 0.015749
3 0.505705 0.579198 0.037357 0.016775
3 0.504039 0.593443 0.038504 0.013675
3 0.505935 0.563824 0.036111 0.019478
3 0.507397 0.546366 0.037674 0.017926
3 0.511912 0.529164 0.035580 0.018037
3 0.514840 0.511514 0.032352 0.018373
3 0.518855 0.495251 0.028891 0.020593
3 0.499213 0.488473 0.026626 0.014853
3 0.524029 0.478074 0.036039 0.019030
3 0.503821 0.469556 0.025824 0.016162
3 0.529544 0.462539 0.038636 0.018927
3 0.503380 0.455091 0.023000 0.017099
3 0.532352 0.445941 0.038839 0.017773
3 0.511101 0.436558 0.020838 0.016336
3 0.537621 0.429696 0.034379 0.019063
3 0.516596 0.421086 0.026713 0.018148
3 0.541131 0.412441 0.034602 0.020454
3 0.547817 0.395292 0.033168 0.020855
3 0.526108 0.389492 0.026734 0.018714
3 0.553025 0.379131 0.032235 0.019683
3 0.531149 0.371273 0.022910 0.018929
3 0.554374 0.362295 0.034877 0.021637
3 0.533644 0.353239 0.026060 0.018880
3 0.563542 0.345394 0.035671 0.021925
3 0.578390 0.361913 0.029897 0.018482
3 0.574212 0.376188 0.031254 0.017360
3 0.568680 0.393672 0.029506 0.017467
3 0.562154 0.410260 0.025259 0.016442
3 0.558866 0.428315 0.024443 0.015640
3 0.553025 0.443235 0.030137 0.016197
3 0.549496 0.460265 0.029251 0.016088
3 0.538580 0.493647 0.029004 0.015988
3 0.546248 0.476244 0.026042 0.016030
3 0.537088 0.509103 0.026839 0.015565
3 0.532223 0.525839 0.030037 0.016453
3 0.530162 0.543563 0.029513 0.015293
3 0.527186 0.560144 0.031821 0.015761
3 0.525630 0.576562 0.031735 0.016374
3 0.523915 0.591504 0.031250 0.013882
3 0.544526 0.581533 0.024226 0.015104
3 0.542150 0.611078 0.025316 0.014236
3 0.498054 0.607030 0.026313 0.011469
3 0.546281 0.565931 0.022741 0.017001
3 0.548186 0.549953 0.024441 0.016877
3 0.552946 0.532054 0.031356 0.018466
3 0.556875 0.516306 0.032820 0.016425
3 0.560969 0.501083 0.033345 0.021430
3 0.566482 0.483634 0.034115 0.017547
3 0.568682 0.466922 0.035278 0.016937
3 0.573626 0.451508 0.037871 0.017994
3 0.578744 0.435301 0.036188 0.018600
3 0.582305 0.418020 0.034720 0.019205
3 0.589713 0.401256 0.035722 0.018619
3 0.594752 0.386522 0.035475 0.020593
3 0.597479 0.368528 0.025038 0.020059
3 0.606409 0.351945 0.032243 0.018624
3 0.584873 0.343951 0.027170 0.018042
3 0.613982 0.336593 0.032925 0.020697
3 0.593818 0.329453 0.030053 0.015860
3 0.564064 0.330144 0.030277 0.020299
3 0.578555 0.300420 0.041116 0.021665
3 0.573591 0.315316 0.037342 0.018771
3 0.621501 0.321166 0.031151 0.017245
3 0.628438 0.306599 0.038599 0.019342
3 0.599391 0.314010 0.028052 0.015995
3 0.639677 0.333200 0.042088 0.023156
3 0.634935 0.349972 0.042435 0.021387
3 0.649856 0.315818 0.038443 0.021076
3 0.628536 0.365051 0.045055 0.023080
3 0.621511 0.380948 0.039088 0.019509
3 0.614474 0.395638 0.038201 0.017743
3 0.608118 0.414437 0.038119 0.022295
3 0.604457 0.430560 0.044119 0.018896
3 0.598713 0.446357 0.039242 0.020234
3 0.594130 0.460625 0.038490 0.019433
3 0.590001 0.478948 0.037615 0.021014
3 0.585136 0.494994 0.036560 0.017671
3 0.580062 0.510853 0.034472 0.020686
3 0.577045 0.526055 0.037015 0.019671
3 0.574672 0.540645 0.038702 0.023197
3 0.573390 0.558699 0.038185 0.022933
3 0.571819 0.577369 0.037085 0.023160
3 0.570724 0.595080 0.032021 0.021616
