0 0.660119 0.717123 0.085776 0.041770
0 0.613227 0.712765 0.103322 0.033099
0 0.541439 0.696359 0.102759 0.025624
0 0.486799 0.675126 0.061477 0.007100
0 0.469499 0.688508 0.083603 0.013975
0 0.217786 0.645460 0.094331 0.026645
0 0.322263 0.661500 0.091131 0.038051
0 0.380091 0.668720 0.090674 0.034104
0 0.268060 0.657934 0.089903 0.034001
0 0.170270 0.632313 0.100190 0.032527
0 0.113981 0.625235 0.083370 0.037464
0 0.064039 0.623925 0.087612 0.038013
0 0.030074 0.615559 0.060148 0.029641
1 0.344021 0.586678 0.069872 0.114773
1 0.399083 0.595569 0.068821 0.114733
1 0.450341 0.604935 0.075170 0.122129
1 0.502451 0.616280 0.078270 0.116923
1 0.563580 0.623891 0.074735 0.116452
1 0.293625 0.578119 0.071018 0.124012
1 0.234512 0.571728 0.073155 0.133051
1 0.184131 0.563617 0.055703 0.101173
1 0.138257 0.560514 0.052850 0.097510
1 0.087790 0.558645 0.067136 0.103031
1 0.046568 0.552074 0.072264 0.099538
1 0.014430 0.548355 0.028861 0.103841
1 0.621110 0.631602 0.074454 0.132099
1 0.677926 0.647300 0.074619 0.121321
1 0.729410 0.649501 0.062389 0.116362
1 0.249613 0.485866 0.091125 0.108493
1 0.304954 0.488183 0.070759 0.107916
1 0.364816 0.491800 0.083425 0.125271
1 0.406568 0.494412 0.066833 0.145175
1 0.463178 0.500996 0.058732 0.147264
1 0.195812 0.464742 0.083948 0.132817
1 0.148704 0.459215 0.069630 0.131920
1 0.103970 0.463333 0.074807 0.134496
1 0.062428 0.455410 0.069955 0.132369
1 0.025887 0.452953 0.051774 0.136740
1 0.514966 0.510061 0.046079 0.142163
1 0.570043 0.519983 0.052135 0.147136
1 0.621088 0.526024 0.062742 0.150444
1 0.678908 0.535260 0.076549 0.143534
1 0.085169 0.354989 0.077648 0.103019
1 0.038502 0.344394 0.071613 0.106697
1 0.131954 0.357344 0.080848 0.114080
1 0.170223 0.368042 0.084835 0.119194
1 0.211193 0.368247 0.068760 0.104408
1 0.255853 0.370305 0.067521 0.108782
1 0.300675 0.377829 0.071167 0.117991
1 0.346898 0.381582 0.066866 0.118640
1 0.395722 0.383653 0.069030 0.112787
1 0.450434 0.396089 0.076092 0.121220
1 0.501342 0.402826 0.070793 0.119131
1 0.017731 0.342547 0.035461 0.101583
1 0.552751 0.410301 0.062598 0.129743
1 0.597704 0.418609 0.068898 0.118606
1 0.650404 0.423483 0.065952 0.115043
1 0.698277 0.434656 0.058641 0.119800
0 0.720274 0.746115 0.075747 0.065579
