1 0.552653 0.296539 0.074219 0.081438
1 0.475361 0.289346 0.064292 0.077780
1 0.502071 0.296472 0.070437 0.088400
1 0.600872 0.235095 0.194294 0.041450
1 0.605865 0.252651 0.198491 0.026821
1 0.584563 0.264110 0.149384 0.035111
1 0.429742 0.266914 0.152693 0.037305
1 0.427762 0.248262 0.150623 0.021457
1 0.432579 0.233023 0.140402 0.019750
1 0.507514 0.199700 0.072328 0.081925
1 0.532096 0.196531 0.053419 0.072660
1 0.572987 0.199335 0.050110 0.039256
1 0.405144 0.149629 0.092183 0.089240
1 0.439418 0.149751 0.057674 0.088509
1 0.475109 0.148044 0.065710 0.078268
1 0.362362 0.175231 0.168294 0.032185
1 0.360707 0.192299 0.188621 0.031697
1 0.357296 0.210098 0.190716 0.035599
1 0.578438 0.155612 0.055310 0.086802
1 0.621930 0.154758 0.054364 0.086558
1 0.645330 0.164511 0.102111 0.092898
1 0.700167 0.185602 0.180585 0.054617
1 0.703477 0.195111 0.171130 0.038037
1 0.694495 0.213642 0.160730 0.027308
1 0.613653 0.348267 0.065710 0.092654
1 0.579852 0.347292 0.042546 0.071197
1 0.697800 0.313278 0.161203 0.037305
1 0.698509 0.279143 0.177748 0.041207
1 0.695436 0.296942 0.178221 0.025114
1 0.808795 0.219104 0.168294 0.032429
1 0.807376 0.238123 0.174912 0.032429
1 0.800758 0.258360 0.163566 0.027065
1 0.816714 0.322504 0.171603 0.040719
1 0.809150 0.341523 0.165930 0.036330
1 0.800405 0.359932 0.160730 0.034136
1 0.755495 0.394677 0.083201 0.095336
1 0.713658 0.395286 0.070437 0.094117
1 0.673948 0.389800 0.051528 0.078268
1 0.638298 0.344465 0.095745 0.099726
1 0.342606 0.277162 0.150845 0.027264
1 0.338738 0.292124 0.163738 0.024604
1 0.331002 0.310743 0.175342 0.039234
1 0.445426 0.342496 0.071555 0.082790
1 0.396433 0.343161 0.067687 0.082125
1 0.374516 0.338174 0.098630 0.069490
1 0.476046 0.388213 0.073489 0.077803
1 0.559527 0.392702 0.068976 0.090105
1 0.501187 0.392037 0.074778 0.086780
1 0.343573 0.393873 0.071555 0.099732
1 0.291035 0.392203 0.070910 0.101077
1 0.257514 0.392868 0.073489 0.082457
1 0.230117 0.332189 0.124415 0.022277
1 0.224959 0.359453 0.159226 0.046881
1 0.233340 0.367267 0.145044 0.050538
1 0.243976 0.270678 0.176631 0.036241
1 0.249133 0.248235 0.168895 0.034579
1 0.253324 0.227621 0.146333 0.029924
1 0.143241 0.179866 0.168251 0.041229
1 0.138406 0.212450 0.189524 0.034579
1 0.137117 0.232399 0.177920 0.051868
1 0.125191 0.278449 0.181143 0.046216
1 0.110364 0.312529 0.174697 0.037239
1 0.117778 0.338630 0.195970 0.066830
1 0.116166 0.392929 0.191458 0.029592
1 0.118745 0.417533 0.173408 0.036906
1 0.116811 0.435321 0.164383 0.045219
1 0.261532 0.454107 0.092828 0.086115
1 0.198035 0.450488 0.080580 0.084042
1 0.147431 0.452943 0.097985 0.073148
1 0.356616 0.445794 0.065109 0.075475
1 0.400452 0.446127 0.068976 0.084120
1 0.464539 0.449222 0.095745 0.086002
0 0.520496 0.472227 0.073128 0.034579
0 0.312781 0.466741 0.045769 0.035576
0 0.081678 0.469734 0.067042 0.027597
1 0.567735 0.449784 0.072200 0.076805
1 0.612215 0.450616 0.070910 0.082457
1 0.672811 0.448953 0.083803 0.083787
1 0.789229 0.447698 0.068332 0.082125
1 0.845635 0.445869 0.071555 0.083122
1 0.873227 0.442818 0.104610 0.082342
0 0.940075 0.455844 0.058017 0.036574
0 0.960058 0.438887 0.030943 0.034579
1 0.898496 0.412454 0.160515 0.034911
1 0.893661 0.387465 0.162449 0.037011
1 0.901719 0.357926 0.147622 0.050871
0 0.966524 0.326839 0.039968 0.035244
1 0.915275 0.307222 0.145044 0.034579
1 0.911085 0.261370 0.167606 0.041829
1 0.914953 0.282285 0.166317 0.039234
0 0.971681 0.234739 0.043835 0.034579
1 0.914630 0.211964 0.161804 0.032916
1 0.913019 0.183702 0.161160 0.040896
1 0.911251 0.164785 0.162449 0.040564
0 0.959922 0.137023 0.057373 0.034911
1 0.910936 0.114702 0.144399 0.040564
1 0.898366 0.091428 0.163094 0.035244
1 0.897399 0.075986 0.156002 0.052828
0 0.937044 0.042718 0.044480 0.023607
0 0.911903 0.030748 0.068976 0.018952
1 0.853563 0.062335 0.086382 0.090770
1 0.813596 0.061171 0.061885 0.080463
1 0.766537 0.061337 0.091539 0.087445
1 0.798447 0.130828 0.161804 0.034911
1 0.806505 0.141800 0.168895 0.026932
1 0.800058 0.164243 0.144399 0.030589
1 0.752033 0.116364 0.078001 0.069158
1 0.729610 0.108875 0.072695 0.069533
1 0.696809 0.106130 0.081560 0.082342
0 0.725603 0.028587 0.072844 0.029259
1 0.672098 0.062501 0.080580 0.091767
1 0.633742 0.062335 0.081224 0.090770
1 0.580665 0.060407 0.076067 0.095092
1 0.551656 0.097646 0.056728 0.077803
1 0.518457 0.098810 0.050926 0.084120
1 0.498474 0.098976 0.070266 0.087112
1 0.485259 0.051098 0.077357 0.080463
1 0.438845 0.053425 0.090249 0.087112
1 0.390174 0.052594 0.093473 0.087445
0 0.537474 0.024498 0.069621 0.027929
1 0.277685 0.059742 0.073489 0.083787
1 0.229982 0.060407 0.091539 0.089772
1 0.190981 0.066392 0.137308 0.082457
1 0.154237 0.139041 0.197904 0.064836
1 0.159072 0.119092 0.179209 0.040231
1 0.142633 0.096649 0.154069 0.037239
0 0.121314 0.057414 0.051571 0.034911
0 0.107132 0.074611 0.060596 0.021799
0 0.324375 0.028987 0.068332 0.029259
1 0.374979 0.105293 0.072844 0.070155
1 0.343085 0.107502 0.058511 0.075938
1 0.314705 0.108119 0.083803 0.080463
1 0.254432 0.169464 0.195325 0.032916
1 0.261200 0.142532 0.168895 0.027597
1 0.269581 0.131061 0.145688 0.038569
0 0.732508 0.478930 0.086382 0.028262
1 0.060806 0.367656 0.050247 0.022402
