0 0.510800 0.751365 0.030822 0.014630
0 0.480829 0.754876 0.030169 0.019312
0 0.454912 0.751365 0.026017 0.014630
0 0.434329 0.750779 0.021077 0.016971
0 0.414075 0.747561 0.020089 0.015215
0 0.395139 0.748439 0.019760 0.020482
0 0.533127 0.756339 0.036226 0.015215
0 0.374721 0.752929 0.025687 0.020864
0 0.352669 0.752535 0.028296 0.016971
0 0.328507 0.751902 0.030016 0.018392
0 0.302817 0.755559 0.030792 0.018239
0 0.271874 0.753413 0.037735 0.022530
0 0.245766 0.756095 0.027160 0.022530
3 0.482738 0.710230 0.029584 0.069200
3 0.457201 0.708535 0.024909 0.077295
3 0.433833 0.708889 0.027773 0.081538
3 0.408302 0.704516 0.030671 0.078534
3 0.382219 0.709023 0.032120 0.078963
3 0.355895 0.707091 0.031637 0.081967
3 0.512222 0.706984 0.033086 0.078963
3 0.536977 0.714280 0.029464 0.066947
3 0.561248 0.702478 0.030671 0.079393
3 0.328993 0.708137 0.030259 0.079897
3 0.302462 0.708326 0.028768 0.081791
3 0.277211 0.706244 0.030685 0.078383
3 0.253025 0.710977 0.032177 0.080276
3 0.230437 0.717982 0.030046 0.067023
3 0.230970 0.661372 0.024293 0.069674
3 0.207636 0.653420 0.020670 0.055285
3 0.258991 0.656828 0.027063 0.076490
3 0.283062 0.651771 0.023551 0.074879
3 0.311093 0.650580 0.029407 0.076111
3 0.337623 0.654367 0.022801 0.071567
3 0.364792 0.656450 0.026424 0.072703
3 0.391177 0.656260 0.025571 0.075732
3 0.419988 0.653531 0.026693 0.071826
3 0.447539 0.655734 0.024977 0.070132
3 0.473469 0.656581 0.023833 0.070471
3 0.498160 0.660646 0.027074 0.077247
3 0.528857 0.669455 0.030506 0.087411
3 0.565845 0.635067 0.023261 0.078263
3 0.542012 0.616433 0.034319 0.075553
3 0.509284 0.613124 0.033062 0.066828
3 0.482945 0.607920 0.034275 0.076369
3 0.455616 0.608696 0.037138 0.074074
3 0.430569 0.606750 0.034250 0.074613
3 0.400750 0.608556 0.033427 0.084854
3 0.374404 0.605337 0.035403 0.079002
3 0.346741 0.602704 0.035403 0.081343
3 0.316386 0.601677 0.036061 0.073736
3 0.292892 0.598459 0.031887 0.074321
3 0.264681 0.599922 0.032439 0.076662
3 0.237677 0.604750 0.034085 0.078125
3 0.207425 0.604457 0.029896 0.075199
3 0.220773 0.545205 0.032241 0.084006
3 0.252290 0.544078 0.030792 0.082397
3 0.280546 0.546331 0.023909 0.075316
3 0.307534 0.549067 0.024996 0.073063
3 0.333073 0.548263 0.024996 0.077247
3 0.362054 0.551803 0.028256 0.076603
3 0.389921 0.552599 0.026264 0.082397
3 0.418177 0.552921 0.027713 0.081753
3 0.446342 0.553726 0.025720 0.082075
3 0.474508 0.552599 0.025539 0.081109
3 0.504458 0.555724 0.027894 0.082719
3 0.533801 0.560713 0.023547 0.079178
3 0.557982 0.569242 0.020830 0.080144
3 0.566948 0.508893 0.040935 0.089478
3 0.541137 0.507283 0.032784 0.084328
3 0.511069 0.501973 0.036045 0.085293
3 0.482360 0.499720 0.033690 0.078212
3 0.453651 0.498593 0.034233 0.077247
3 0.424942 0.496662 0.035864 0.074028
3 0.397203 0.498254 0.040392 0.081109
3 0.369128 0.498898 0.034958 0.085615
3 0.339876 0.497128 0.041297 0.080144
3 0.314370 0.495997 0.040030 0.086581
3 0.285027 0.496319 0.037494 0.082075
3 0.260484 0.493583 0.040935 0.087546
3 0.229058 0.493261 0.037856 0.083684
