0 0.214774 0.688470 0.038312 0.087241
0 0.223978 0.641525 0.031682 0.104560
0 0.247538 0.569441 0.028033 0.104117
0 0.270693 0.515173 0.008567 0.062005
0 0.262273 0.497448 0.016502 0.084122
0 0.326948 0.245232 0.028332 0.094752
0 0.301194 0.350011 0.036195 0.092575
0 0.288066 0.408083 0.032739 0.091781
0 0.310022 0.295462 0.031678 0.091175
0 0.344878 0.197798 0.029669 0.101385
0 0.356116 0.141312 0.035924 0.084905
0 0.363066 0.091133 0.036576 0.088989
0 0.374537 0.051277 0.028439 0.073162
1 0.372786 0.374255 0.114954 0.073453
1 0.360486 0.429624 0.112564 0.072482
1 0.345960 0.481133 0.120969 0.079355
1 0.330636 0.533555 0.112304 0.083191
1 0.316189 0.594633 0.115968 0.078192
1 0.387700 0.324364 0.120988 0.074546
1 0.396557 0.265015 0.134252 0.075937
1 0.411745 0.214049 0.099174 0.058986
1 0.417891 0.167857 0.099123 0.056068
1 0.425168 0.117476 0.100868 0.070288
1 0.435594 0.075864 0.096950 0.074964
1 0.442353 0.037725 0.103876 0.043071
1 0.304233 0.652700 0.129110 0.078689
1 0.283223 0.709523 0.119624 0.078439
1 0.276445 0.760631 0.115819 0.065302
1 0.485400 0.284621 0.107614 0.094356
1 0.478208 0.339651 0.107099 0.074000
1 0.470409 0.399881 0.126197 0.088111
1 0.462503 0.441356 0.145979 0.070785
1 0.450876 0.498091 0.148122 0.062331
1 0.510772 0.230098 0.130305 0.087799
1 0.520416 0.182599 0.128811 0.074131
1 0.520235 0.137592 0.131320 0.078683
1 0.532361 0.095745 0.130105 0.073759
1 0.538401 0.052585 0.135054 0.066341
1 0.437115 0.551416 0.144100 0.045005
1 0.423501 0.605662 0.148354 0.055171
1 0.411668 0.658502 0.152969 0.062781
1 0.397714 0.716651 0.146640 0.076577
1 0.633498 0.122911 0.101619 0.081785
1 0.646905 0.076605 0.104626 0.074971
1 0.626687 0.169737 0.112465 0.084272
1 0.612218 0.208272 0.117863 0.088158
1 0.608619 0.249572 0.103643 0.071807
1 0.602237 0.294979 0.108570 0.070591
1 0.589700 0.339738 0.119420 0.074668
1 0.582577 0.386449 0.117857 0.069739
1 0.576226 0.434975 0.113873 0.072725
1 0.558844 0.491625 0.122973 0.076115
1 0.548096 0.541553 0.119538 0.073259
1 0.673180 0.058550 0.055123 0.032917
1 0.535432 0.593061 0.129637 0.065177
1 0.523491 0.638044 0.119553 0.071191
1 0.513600 0.690739 0.115402 0.068158
1 0.498119 0.739966 0.123319 0.057520
0 0.181340 0.748181 0.068647 0.074515
