0 0.344643 0.598496 0.048804 0.024583
0 0.381290 0.598165 0.044767 0.026763
0 0.410577 0.600144 0.043635 0.024194
0 0.443676 0.604188 0.049573 0.027390
0 0.480339 0.605153 0.043165 0.023480
0 0.305180 0.595872 0.045715 0.028352
0 0.504313 0.609499 0.041228 0.027258
0 0.536912 0.611316 0.043009 0.027649
0 0.571282 0.618588 0.038987 0.024863
0 0.606686 0.627469 0.045314 0.025769
0 0.647847 0.638900 0.048243 0.031990
0 0.690357 0.650967 0.056830 0.040394
0 0.724789 0.660259 0.054625 0.048645
0 0.760042 0.674327 0.036722 0.035288
0 0.781818 0.669213 0.034217 0.031751
2 0.767039 0.631911 0.043928 0.063542
2 0.727868 0.614499 0.050135 0.073047
2 0.689196 0.603112 0.046728 0.073132
2 0.649879 0.585808 0.042666 0.075509
2 0.611957 0.573044 0.042979 0.088597
2 0.574930 0.566452 0.050476 0.081727
2 0.534542 0.556415 0.045778 0.067666
2 0.497605 0.549844 0.044519 0.077557
2 0.462117 0.545748 0.034382 0.096199
2 0.428272 0.547005 0.032452 0.093822
2 0.392442 0.537349 0.040754 0.110395
2 0.354442 0.543916 0.032838 0.085676
2 0.314551 0.545839 0.034372 0.090626
2 0.287129 0.524632 0.031712 0.082620
2 0.383550 0.486900 0.035982 0.090280
2 0.352007 0.479143 0.033054 0.103495
2 0.414788 0.475137 0.041761 0.097870
2 0.456103 0.474859 0.030893 0.095122
2 0.490033 0.479814 0.034306 0.098219
2 0.530080 0.486516 0.045030 0.101968
2 0.571729 0.490856 0.036934 0.100731
2 0.611528 0.498369 0.043606 0.092374
2 0.647505 0.507375 0.043902 0.087841
2 0.688169 0.517882 0.043041 0.103385
2 0.726956 0.535269 0.043918 0.098144
2 0.767818 0.551036 0.041434 0.100219
2 0.809044 0.545698 0.047070 0.081489
2 0.793164 0.486659 0.029519 0.090062
2 0.757486 0.475197 0.036144 0.093684
2 0.719698 0.457591 0.030067 0.085021
2 0.679244 0.451160 0.034652 0.082731
2 0.641935 0.439999 0.026907 0.098162
2 0.602482 0.432533 0.038197 0.089571
2 0.560211 0.424409 0.045266 0.081124
2 0.521129 0.423140 0.035865 0.086567
2 0.486482 0.422253 0.032065 0.081525
2 0.307158 0.468238 0.036824 0.077505
2 0.338497 0.407930 0.030733 0.080617
2 0.305792 0.413331 0.028982 0.069658
2 0.354633 0.364783 0.031323 0.066584
2 0.322848 0.363006 0.032168 0.080361
2 0.388678 0.368293 0.044649 0.078432
2 0.429677 0.366167 0.040227 0.071007
2 0.465326 0.367345 0.045980 0.077611
2 0.507602 0.370953 0.040759 0.071715
2 0.543693 0.375153 0.045444 0.069804
2 0.585328 0.381619 0.035578 0.063997
2 0.623898 0.384965 0.046029 0.073302
2 0.661447 0.398759 0.045038 0.069168
2 0.697804 0.406307 0.045657 0.063460
2 0.742416 0.414139 0.047159 0.069092
2 0.788064 0.416284 0.049836 0.073879
2 0.823662 0.426813 0.037987 0.086726
2 0.803165 0.348506 0.078348 0.083251
2 0.747059 0.344028 0.063023 0.075292
2 0.767805 0.352973 0.032854 0.059681
2 0.698592 0.332862 0.054907 0.075708
2 0.662423 0.323659 0.065179 0.079563
2 0.621217 0.315828 0.057672 0.076962
2 0.583723 0.307446 0.057315 0.081938
2 0.547902 0.301501 0.059987 0.075769
2 0.507275 0.298938 0.049004 0.073437
2 0.468118 0.297868 0.055996 0.080170
2 0.430817 0.295106 0.058841 0.086265
2 0.393518 0.288443 0.053544 0.077784
2 0.355224 0.281407 0.056806 0.084523
2 0.411411 0.409180 0.028332 0.086491
2 0.446503 0.411444 0.033928 0.085463
2 0.373730 0.404320 0.040081 0.089071
2 0.805536 0.605775 0.026719 0.070520
