0 0.500551 0.395344 0.024672 0.014615
0 0.548090 0.380577 0.018863 0.018669
0 0.566650 0.371173 0.017545 0.016797
0 0.589282 0.367898 0.024869 0.017488
0 0.530831 0.384782 0.021614 0.015088
0 0.481096 0.399510 0.029237 0.013046
0 0.512173 0.389392 0.027748 0.011439
0 0.459511 0.400008 0.020821 0.012153
0 0.446512 0.403912 0.025088 0.010441
0 0.427286 0.407400 0.031956 0.013211
0 0.409754 0.415195 0.031742 0.010947
0 0.390924 0.419155 0.026579 0.010149
0 0.376743 0.424095 0.026508 0.008429
0 0.357648 0.431143 0.025422 0.009047
0 0.339782 0.436214 0.028981 0.013294
0 0.321175 0.437614 0.034601 0.015462
0 0.304009 0.440785 0.033254 0.019258
0 0.284795 0.443229 0.028951 0.013757
3 0.565616 0.393160 0.024148 0.024072
3 0.582749 0.389329 0.020721 0.027669
3 0.547216 0.398086 0.019808 0.020708
3 0.529173 0.405022 0.021523 0.026963
3 0.509767 0.412113 0.018683 0.020109
3 0.491948 0.414683 0.018839 0.023454
3 0.474137 0.418759 0.022117 0.022949
3 0.455883 0.425158 0.019961 0.024824
3 0.439508 0.429194 0.021848 0.031819
3 0.421860 0.436712 0.022150 0.035436
3 0.400925 0.439091 0.019585 0.031292
3 0.384714 0.449585 0.024760 0.038122
3 0.368002 0.455138 0.022633 0.037157
3 0.349640 0.459401 0.021106 0.032026
3 0.329996 0.460628 0.019296 0.032122
3 0.312537 0.464398 0.019016 0.032240
3 0.294588 0.463268 0.018580 0.029535
3 0.276077 0.463632 0.019879 0.033400
3 0.348345 0.476880 0.017498 0.026869
3 0.367804 0.471086 0.017751 0.025308
3 0.386056 0.469825 0.018700 0.026421
3 0.401917 0.462444 0.015420 0.029064
3 0.419193 0.457395 0.016311 0.029980
3 0.437760 0.450986 0.016305 0.026947
3 0.454714 0.447661 0.018750 0.027575
3 0.472388 0.442000 0.016709 0.028582
3 0.509280 0.432982 0.018402 0.026102
3 0.491717 0.440130 0.016069 0.027466
3 0.526597 0.427399 0.017900 0.026268
3 0.545437 0.422346 0.017272 0.031170
3 0.560826 0.414818 0.025150 0.033839
3 0.581096 0.413394 0.016284 0.032614
3 0.597530 0.409369 0.014451 0.032864
3 0.615765 0.416374 0.011723 0.042143
3 0.602200 0.436285 0.020859 0.043447
3 0.584968 0.437761 0.018381 0.043623
3 0.569891 0.443802 0.018529 0.041522
3 0.553410 0.446680 0.019736 0.041457
3 0.536675 0.450718 0.019552 0.041384
3 0.518511 0.456168 0.023284 0.041210
3 0.499052 0.460595 0.022338 0.042874
3 0.481791 0.465143 0.020827 0.037982
3 0.464188 0.468128 0.019259 0.039139
3 0.447239 0.474599 0.021957 0.041066
3 0.428064 0.480312 0.023423 0.040960
3 0.410958 0.486696 0.020929 0.037619
3 0.395373 0.490528 0.022123 0.038159
3 0.375570 0.494127 0.023976 0.038821
3 0.357680 0.498036 0.023486 0.038960
3 0.340733 0.501443 0.021880 0.031963
3 0.322996 0.504208 0.021451 0.032336
3 0.329985 0.477585 0.017582 0.032286
3 0.308482 0.508197 0.018938 0.034250
3 0.291201 0.510709 0.020829 0.037763
3 0.281765 0.487079 0.012818 0.028023
3 0.293624 0.482197 0.010029 0.025435
3 0.305665 0.479958 0.012159 0.022197
3 0.340671 0.523395 0.017649 0.027174
3 0.324271 0.525634 0.020894 0.030571
3 0.310047 0.530103 0.021466 0.032475
3 0.295493 0.533855 0.017311 0.027136
3 0.517671 0.480708 0.019288 0.027256
3 0.534284 0.474149 0.016017 0.027677
3 0.551447 0.469239 0.017949 0.030973
3 0.569750 0.466221 0.018108 0.033033
3 0.585400 0.462364 0.017637 0.033819
3 0.601363 0.459691 0.017671 0.037057
3 0.593649 0.490989 0.018172 0.039145
3 0.608793 0.489440 0.015698 0.040349
3 0.577693 0.491042 0.021218 0.037855
3 0.559473 0.492359 0.019495 0.039458
3 0.541455 0.496895 0.019610 0.037283
3 0.523242 0.499744 0.020063 0.033869
3 0.506431 0.503741 0.022213 0.030295
3 0.498660 0.483053 0.016595 0.028006
3 0.488340 0.508939 0.020083 0.037820
3 0.478778 0.487658 0.017446 0.027160
3 0.472471 0.514533 0.020481 0.040515
3 0.463724 0.487007 0.017999 0.024180
3 0.455347 0.517257 0.019274 0.040716
3 0.444683 0.494888 0.017491 0.021938
3 0.438481 0.522609 0.020524 0.036038
3 0.428804 0.500433 0.019726 0.028121
3 0.420768 0.526068 0.022277 0.036315
3 0.403021 0.532866 0.022885 0.034744
3 0.395706 0.509986 0.019930 0.028083
3 0.386143 0.538111 0.021256 0.033789
3 0.376931 0.515051 0.020428 0.024152
3 0.368522 0.539317 0.023320 0.036529
3 0.358020 0.517461 0.020520 0.027441
3 0.351216 0.548721 0.023652 0.037373
3 0.369754 0.564413 0.020197 0.031401
3 0.384492 0.560249 0.019178 0.032831
3 0.402373 0.554645 0.018824 0.031024
3 0.419516 0.548024 0.017432 0.026536
3 0.438296 0.544775 0.016766 0.025689
3 0.453840 0.538867 0.017964 0.031678
3 0.471360 0.535368 0.017623 0.030752
3 0.505972 0.524367 0.017167 0.030478
3 0.488148 0.532171 0.017413 0.027370
3 0.522175 0.522986 0.017358 0.028197
3 0.539685 0.518101 0.018254 0.031558
3 0.558063 0.516132 0.016843 0.031021
3 0.575065 0.513251 0.017503 0.033431
3 0.592376 0.511816 0.017613 0.033306
3 0.608070 0.510205 0.015765 0.032807
3 0.598745 0.531714 0.016848 0.025404
3 0.629513 0.529551 0.015610 0.026541
3 0.622753 0.483335 0.013034 0.027556
3 0.582353 0.533347 0.018506 0.023785
3 0.565669 0.535136 0.018387 0.025585
3 0.547006 0.539917 0.019937 0.032820
3 0.530618 0.543816 0.017880 0.034367
3 0.514735 0.547922 0.023038 0.034956
3 0.496648 0.553482 0.018758 0.035768
3 0.479339 0.555592 0.018338 0.036957
3 0.463512 0.560565 0.019446 0.039680
3 0.446543 0.565739 0.020040 0.037926
3 0.428710 0.569240 0.020603 0.036406
3 0.411511 0.576814 0.020031 0.037446
3 0.396400 0.581895 0.021701 0.037171
3 0.377653 0.584555 0.020929 0.026226
3 0.360808 0.593681 0.019850 0.033797
3 0.351023 0.571004 0.019096 0.028545
3 0.344976 0.601442 0.022326 0.034511
3 0.336158 0.580176 0.017246 0.031605
3 0.335405 0.549049 0.021769 0.031704
3 0.304890 0.563851 0.023133 0.043128
3 0.320211 0.558833 0.020124 0.039066
3 0.329325 0.609112 0.018434 0.032662
3 0.314141 0.616168 0.020578 0.040429
3 0.320477 0.585811 0.017265 0.029446
3 0.343347 0.628201 0.023147 0.043995
3 0.360629 0.623453 0.021084 0.044389
3 0.325646 0.638667 0.021077 0.040173
3 0.376348 0.616924 0.023077 0.047128
3 0.392612 0.609770 0.019466 0.040901
3 0.407874 0.602609 0.018822 0.039956
3 0.427020 0.596171 0.022670 0.039823
3 0.443882 0.592511 0.019406 0.046143
3 0.460095 0.586723 0.020630 0.041053
3 0.474968 0.582112 0.019648 0.040260
3 0.493892 0.577952 0.021218 0.039304
3 0.510450 0.573093 0.017898 0.038232
3 0.526947 0.567972 0.021137 0.036028
3 0.542684 0.565014 0.019905 0.038743
3 0.557716 0.562733 0.023776 0.040469
3 0.576743 0.561582 0.023465 0.039877
3 0.596333 0.560178 0.023718 0.038822
3 0.615131 0.559291 0.022617 0.033618
