0 0.337305 0.273833 0.061135 0.039366
0 0.381627 0.271679 0.068464 0.035745
0 0.424410 0.264130 0.066448 0.031269
0 0.470678 0.259275 0.069933 0.038586
0 0.518961 0.252524 0.059760 0.029888
0 0.292039 0.272993 0.070468 0.031307
0 0.252595 0.283348 0.054993 0.032939
0 0.211324 0.285078 0.062168 0.039187
0 0.570416 0.256563 0.051732 0.044405
0 0.613205 0.254992 0.055912 0.033032
2 0.567801 0.314561 0.054851 0.111154
2 0.610372 0.320661 0.058682 0.114635
2 0.656749 0.319916 0.056801 0.105767
0 0.657463 0.262601 0.049436 0.030672
2 0.519196 0.324645 0.060296 0.113195
2 0.468177 0.320834 0.058942 0.115775
2 0.422967 0.326157 0.051005 0.103967
2 0.378690 0.332513 0.056273 0.109735
2 0.333069 0.336110 0.061246 0.117721
2 0.286018 0.339905 0.058282 0.112993
2 0.239770 0.347838 0.057162 0.110553
2 0.187303 0.353783 0.051894 0.112970
2 0.353741 0.411599 0.043495 0.119361
2 0.310365 0.415384 0.042159 0.125571
2 0.265944 0.414764 0.049423 0.107360
2 0.220803 0.424481 0.047245 0.099751
2 0.403276 0.404311 0.048949 0.107115
2 0.453240 0.399041 0.041257 0.112528
2 0.499141 0.403265 0.042844 0.120115
2 0.544729 0.399470 0.043851 0.102547
2 0.590339 0.397539 0.044285 0.120627
2 0.638973 0.394600 0.047451 0.103546
2 0.691475 0.396725 0.038504 0.102016
2 0.628288 0.479864 0.060859 0.114813
2 0.579283 0.483901 0.064886 0.114482
2 0.679390 0.468591 0.067239 0.120829
2 0.532595 0.492143 0.054495 0.110225
2 0.482140 0.498833 0.057521 0.110801
2 0.437758 0.493487 0.053515 0.125465
2 0.390379 0.494345 0.055757 0.113175
2 0.338753 0.500289 0.057363 0.109958
2 0.290765 0.504605 0.059340 0.101660
2 0.247341 0.504684 0.063898 0.110444
2 0.194846 0.503599 0.060647 0.122666
2 0.205912 0.571941 0.074790 0.099996
2 0.248442 0.574464 0.084678 0.121217
2 0.298869 0.577803 0.077099 0.102902
2 0.346105 0.573043 0.076001 0.113855
2 0.392080 0.570469 0.085009 0.118048
2 0.448044 0.573532 0.069405 0.113457
2 0.498372 0.569136 0.067776 0.112016
2 0.537977 0.567938 0.062471 0.115544
2 0.583050 0.564775 0.075605 0.121487
2 0.631535 0.563166 0.085439 0.118423
2 0.683212 0.556509 0.102810 0.127536
