0 0.516222 0.284162 0.027235 0.019240
0 0.497491 0.286939 0.033659 0.024244
0 0.474965 0.285667 0.032478 0.014441
0 0.457560 0.282011 0.034209 0.022712
0 0.441410 0.274642 0.030773 0.018919
0 0.419580 0.272218 0.031204 0.019298
0 0.400636 0.266170 0.032799 0.016426
0 0.382802 0.260756 0.036243 0.020656
0 0.362293 0.256173 0.029245 0.017796
0 0.535007 0.286826 0.032933 0.023486
0 0.553671 0.286397 0.035718 0.022360
0 0.573954 0.286195 0.031668 0.019970
0 0.617400 0.278476 0.022097 0.024068
0 0.587033 0.287335 0.014005 0.014631
0 0.625295 0.284196 0.016880 0.018118
2 0.382433 0.296416 0.021943 0.052268
2 0.358984 0.290411 0.026203 0.051478
2 0.341199 0.289894 0.016735 0.051079
2 0.402148 0.300599 0.021097 0.048493
2 0.420256 0.304424 0.016581 0.042707
2 0.441823 0.304308 0.024294 0.039246
2 0.462953 0.311021 0.022246 0.034992
2 0.481575 0.312402 0.018144 0.037817
2 0.498723 0.315751 0.016336 0.037907
2 0.521255 0.313744 0.025968 0.041629
2 0.541029 0.314904 0.021505 0.038611
2 0.558189 0.314316 0.015836 0.037408
2 0.577420 0.315481 0.018153 0.037850
2 0.595369 0.312645 0.017884 0.034527
2 0.621005 0.314894 0.015932 0.045396
2 0.605325 0.353078 0.016369 0.061451
2 0.588923 0.350807 0.019332 0.060385
2 0.568788 0.354129 0.022938 0.065944
2 0.546648 0.352550 0.022707 0.063924
2 0.526538 0.354896 0.023861 0.065171
2 0.505961 0.351144 0.019437 0.061598
2 0.487183 0.351874 0.022361 0.064581
2 0.467361 0.349931 0.027646 0.068427
2 0.446756 0.345374 0.023809 0.068416
2 0.424875 0.346279 0.024289 0.063696
2 0.403914 0.341857 0.020260 0.068042
2 0.383678 0.344113 0.024366 0.064411
2 0.362286 0.339096 0.027853 0.064615
2 0.339868 0.329456 0.024852 0.051374
2 0.327661 0.390221 0.020649 0.062686
2 0.348620 0.381430 0.020923 0.047892
2 0.369187 0.382158 0.020779 0.055992
2 0.388548 0.386227 0.020808 0.055527
2 0.408259 0.387438 0.022770 0.056923
2 0.430464 0.388246 0.017879 0.052929
2 0.451661 0.389837 0.019726 0.051250
2 0.470163 0.393486 0.021279 0.055278
2 0.492908 0.393659 0.018826 0.048674
2 0.511211 0.392991 0.018510 0.046814
2 0.533360 0.400675 0.022366 0.068211
2 0.555187 0.397053 0.020817 0.058829
2 0.577647 0.394984 0.017947 0.059657
2 0.596846 0.395105 0.017365 0.054609
2 0.618454 0.401461 0.020466 0.063255
2 0.584297 0.442122 0.022746 0.065365
2 0.600779 0.443092 0.028612 0.063070
2 0.559962 0.443651 0.027598 0.064525
2 0.329139 0.421599 0.022765 0.054625
2 0.348770 0.424881 0.026121 0.062794
2 0.368162 0.430289 0.027409 0.063707
2 0.388875 0.431097 0.023081 0.063587
2 0.409679 0.434264 0.023234 0.057232
2 0.432027 0.436627 0.029394 0.058061
2 0.454206 0.436719 0.021777 0.059226
2 0.475520 0.437268 0.024608 0.057220
2 0.496523 0.437379 0.022500 0.059310
2 0.517918 0.439580 0.025036 0.058733
2 0.538669 0.438248 0.022831 0.057364
2 0.417283 0.476582 0.016966 0.057701
2 0.396532 0.472033 0.020667 0.049952
2 0.374735 0.474253 0.023387 0.055537
2 0.353539 0.472700 0.021348 0.057873
2 0.332186 0.473891 0.022338 0.060042
2 0.310973 0.476618 0.023596 0.054840
2 0.438743 0.476928 0.020044 0.054994
2 0.462365 0.477831 0.021413 0.051662
2 0.483528 0.481171 0.020845 0.056909
2 0.505959 0.481045 0.021756 0.053106
2 0.528727 0.480313 0.020761 0.053476
2 0.548720 0.480732 0.020569 0.052806
2 0.571850 0.482496 0.018848 0.054260
2 0.594377 0.481790 0.019449 0.053789
2 0.616134 0.480809 0.018932 0.054543
2 0.625398 0.439690 0.023071 0.056151
2 0.598092 0.525920 0.037473 0.068549
2 0.574422 0.523062 0.037205 0.074529
2 0.549967 0.528270 0.039623 0.067502
2 0.526353 0.526261 0.040148 0.066270
2 0.507008 0.524925 0.037224 0.069934
2 0.484889 0.525183 0.039542 0.070317
2 0.461994 0.521703 0.035787 0.064165
2 0.438980 0.521909 0.037295 0.071344
2 0.415420 0.516927 0.038877 0.066290
2 0.392651 0.516931 0.038885 0.070119
2 0.370383 0.516625 0.042496 0.071579
2 0.347109 0.519093 0.040118 0.070604
2 0.327427 0.520188 0.039017 0.069697
2 0.307749 0.516217 0.031808 0.068166
