0 0.491231 0.702868 0.024323 0.018392
0 0.474153 0.699189 0.030016 0.022990
0 0.453324 0.699189 0.029239 0.013794
0 0.436634 0.701718 0.031051 0.021611
0 0.421507 0.707696 0.027667 0.017932
0 0.401063 0.708845 0.028188 0.018392
0 0.383143 0.713673 0.029873 0.015173
0 0.366290 0.717582 0.033045 0.019312
0 0.346716 0.721030 0.026652 0.017013
0 0.509103 0.701029 0.029464 0.022071
0 0.526422 0.702408 0.031568 0.022071
0 0.544923 0.703558 0.028204 0.018852
0 0.584384 0.712984 0.019665 0.022990
0 0.557624 0.703328 0.012635 0.013794
0 0.592947 0.708385 0.015993 0.016553
2 0.367805 0.684706 0.020700 0.048279
2 0.346154 0.689202 0.025559 0.047206
2 0.330356 0.689023 0.015295 0.047564
2 0.387110 0.681871 0.018113 0.044703
2 0.403915 0.679189 0.015899 0.039339
2 0.423134 0.680440 0.023346 0.036120
2 0.443662 0.675255 0.020125 0.032186
2 0.461272 0.675076 0.017107 0.034690
2 0.477775 0.672751 0.014692 0.035047
2 0.497196 0.675434 0.024151 0.038266
2 0.516215 0.675434 0.019119 0.035405
2 0.532718 0.677043 0.014692 0.034332
2 0.550026 0.677043 0.017509 0.035047
2 0.567151 0.680332 0.017509 0.031471
2 0.590094 0.679438 0.014289 0.041842
2 0.579730 0.643497 0.016100 0.056505
2 0.564233 0.644749 0.017710 0.055432
2 0.545718 0.640636 0.021333 0.060796
2 0.525391 0.641173 0.021333 0.059008
2 0.506674 0.637954 0.022943 0.060439
2 0.487756 0.640457 0.018515 0.056862
2 0.469945 0.638848 0.020729 0.060081
2 0.451819 0.639642 0.025962 0.063657
2 0.431492 0.642860 0.021132 0.063657
2 0.412071 0.640894 0.023748 0.059008
2 0.392248 0.643933 0.018717 0.062942
2 0.373330 0.640894 0.023144 0.059723
2 0.353305 0.644649 0.025761 0.060081
2 0.332777 0.652516 0.021736 0.047922
2 0.324063 0.595743 0.018515 0.058293
2 0.343383 0.604863 0.018113 0.044345
2 0.361999 0.605220 0.018314 0.052213
2 0.381018 0.602359 0.019320 0.051498
2 0.399835 0.602359 0.019924 0.052928
2 0.419860 0.602538 0.016905 0.048995
2 0.439684 0.602180 0.018314 0.047564
2 0.457595 0.599677 0.017912 0.051140
2 0.478123 0.600571 0.017509 0.045061
2 0.495330 0.602180 0.014893 0.043273
2 0.516277 0.596275 0.019924 0.063657
2 0.536201 0.600745 0.019924 0.054717
2 0.556528 0.603606 0.016302 0.055432
2 0.574741 0.604322 0.015295 0.050425
2 0.596276 0.599494 0.022138 0.057935
2 0.566691 0.560334 0.019723 0.060439
2 0.582880 0.560386 0.027174 0.057971
2 0.544352 0.557831 0.022943 0.059723
2 0.328956 0.566755 0.018752 0.050741
2 0.347282 0.564862 0.021736 0.058314
2 0.365289 0.560696 0.024080 0.059071
2 0.385426 0.561075 0.021736 0.059071
2 0.404711 0.559182 0.021949 0.053013
2 0.424635 0.558046 0.026424 0.053770
2 0.446797 0.558993 0.020883 0.054906
2 0.466401 0.559561 0.023440 0.053013
2 0.485367 0.560507 0.021309 0.054906
2 0.505504 0.559561 0.024080 0.054527
2 0.524895 0.561832 0.021949 0.053013
2 0.414726 0.520369 0.016834 0.053391
2 0.395015 0.523588 0.018326 0.046197
2 0.375750 0.520535 0.021169 0.051699
2 0.355146 0.520737 0.018679 0.053711
2 0.335958 0.518624 0.016981 0.055924
2 0.316939 0.515205 0.019019 0.051498
2 0.434745 0.521338 0.017547 0.051297
2 0.456594 0.521639 0.018679 0.048279
2 0.476744 0.519527 0.018905 0.052906
2 0.497744 0.520634 0.020603 0.049084
2 0.518744 0.522343 0.019358 0.049285
2 0.537352 0.523194 0.017320 0.048883
2 0.559088 0.522590 0.017094 0.050492
2 0.579408 0.524401 0.018566 0.049687
2 0.600578 0.526211 0.018792 0.050090
2 0.605196 0.564797 0.021509 0.052101
2 0.587362 0.483606 0.031245 0.063970
2 0.565456 0.485115 0.030226 0.069804
2 0.543664 0.479080 0.034415 0.063367
2 0.521023 0.479985 0.033509 0.062361
2 0.503136 0.480086 0.031245 0.065378
2 0.482030 0.478809 0.032037 0.065781
2 0.460577 0.480921 0.028754 0.059947
2 0.439312 0.479469 0.029891 0.066828
2 0.417389 0.483134 0.031811 0.061958
2 0.395767 0.482028 0.030905 0.065781
2 0.375390 0.481123 0.034528 0.067591
2 0.354177 0.478015 0.032830 0.066183
2 0.335611 0.475601 0.030792 0.065378
2 0.317329 0.478517 0.024792 0.063970
